Model runs in dy.s2.0.x1.0.nc
********** Simulation start **********
No.   time        cpu     uwind   wwind   xNH3        
20    200.0       71.8    14.3    12.9    4.00E-04    
40    400.0       69.1    27.0    25.7    4.00E-04    
60    600.0       68.2    38.5    36.7    4.00E-04    
80    800.0       71.4    49.4    46.3    4.00E-04    
100   1000.0      57.5    59.4    54.6    4.00E-04    
120   1200.0      72.2    68.5    62.1    4.00E-04    
140   1400.0      72.0    76.8    68.9    4.00E-04    
160   1600.0      70.7    84.5    75.1    4.00E-04    
180   1800.0      66.5    91.6    80.8    4.00E-04    
200   2000.0      69.4    98.3    85.9    4.00E-04    
220   2200.0      72.3    104.6   90.7    4.00E-04    
240   2400.0      69.8    110.6   95.1    4.00E-04    
260   2600.0      69.6    116.6   99.3    4.00E-04    
280   2800.0      71.5    122.3   103.2   4.00E-04    
300   3000.0      71.8    127.8   106.9   4.00E-04    
320   3200.0      68.0    133.1   110.2   4.00E-04    
340   3400.0      65.9    138.2   113.2   4.00E-04    
360   3600.0      68.6    143.3   115.9   4.00E-04    
380   3800.0      70.6    148.1   118.2   4.00E-04    
400   4000.0      72.8    152.9   120.3   4.00E-04    
420   4200.0      71.0    157.7   122.1   4.00E-04    
440   4400.0      70.6    162.0   123.7   4.00E-04    
460   4600.0      67.8    166.0   125.1   4.00E-04    
480   4800.0      66.5    169.7   126.4   4.00E-04    
500   5000.0      71.1    173.4   127.4   4.00E-04    
520   5200.0      72.9    176.7   128.4   4.00E-04    
540   5400.0      70.3    179.7   129.1   4.00E-04    
560   5600.0      67.4    182.4   129.8   4.00E-04    
580   5800.0      70.5    185.0   130.3   4.00E-04    
600   6000.0      73.0    187.4   130.8   4.00E-04    
620   6200.0      73.2    189.5   131.1   4.00E-04    
640   6400.0      68.9    191.8   131.3   4.00E-04    
660   6600.0      69.7    194.3   131.5   4.00E-04    
680   6800.0      69.5    196.8   131.6   4.00E-04    
700   7000.0      72.7    199.0   131.6   4.00E-04    
720   7200.0      70.7    200.9   131.6   4.00E-04    
740   7400.0      66.6    202.5   131.6   4.00E-04    
760   7600.0      73.2    203.9   131.4   4.00E-04    
780   7800.0      71.8    205.4   131.3   4.00E-04    
800   8000.0      74.0    206.7   131.1   4.00E-04    
820   8200.0      71.0    207.7   130.9   4.00E-04    
840   8400.0      73.8    208.6   130.7   4.00E-04    
860   8600.0      68.8    209.2   130.5   4.00E-04    
880   8800.0      68.7    209.7   130.2   4.00E-04    
900   9000.0      70.5    210.1   129.9   4.00E-04    
920   9200.0      69.2    210.5   129.6   4.00E-04    
940   9400.0      72.5    210.7   129.2   4.00E-04    
960   9600.0      71.1    210.8   128.9   4.00E-04    
980   9800.0      74.6    210.8   128.5   4.00E-04    
1000  10000.0     64.9    210.7   128.2   4.00E-04    
1020  10200.0     70.8    211.2   127.8   4.00E-04    
1040  10400.0     71.8    211.5   127.4   4.00E-04    
1060  10600.0     68.9    211.6   127.0   4.00E-04    
1080  10800.0     63.6    211.7   126.6   4.00E-04    
1100  11000.0     61.9    211.6   126.2   4.00E-04    
1120  11200.0     68.4    211.5   125.8   4.00E-04    
1140  11400.0     71.6    211.3   125.4   4.00E-04    
1160  11600.0     69.2    211.1   125.1   4.00E-04    
1180  11800.0     69.2    210.9   124.7   4.00E-04    
1200  12000.0     70.8    210.6   124.3   4.00E-04    
1220  12200.0     66.4    210.3   123.9   4.00E-04    
1240  12400.0     71.5    210.2   123.5   4.00E-04    
1260  12600.0     72.5    210.0   123.1   4.00E-04    
1280  12800.0     69.9    209.9   122.7   4.00E-04    
1300  13000.0     69.0    209.6   122.3   4.00E-04    
1320  13200.0     71.6    209.4   121.9   4.00E-04    
1340  13400.0     71.8    209.1   121.6   4.00E-04    
1360  13600.0     65.2    208.8   121.2   4.00E-04    
1380  13800.0     70.0    208.4   120.8   4.00E-04    
1400  14000.0     66.0    208.0   120.5   4.00E-04    
1420  14200.0     66.9    207.6   120.1   4.00E-04    
1440  14400.0     69.0    207.1   119.8   4.00E-04    
1460  14600.0     70.6    206.6   119.5   4.00E-04    
1480  14800.0     70.5    206.0   119.2   4.00E-04    
1500  15000.0     71.3    205.3   118.9   4.00E-04    
1520  15200.0     72.3    204.6   118.6   4.00E-04    
1540  15400.0     68.8    203.9   118.3   4.00E-04    
1560  15600.0     71.6    203.1   118.0   4.00E-04    
1580  15800.0     69.2    202.3   117.8   4.00E-04    
1600  16000.0     73.8    201.5   117.5   4.00E-04    
1620  16200.0     72.4    200.7   117.3   4.00E-04    
1640  16400.0     71.5    199.8   117.1   4.00E-04    
1660  16600.0     71.6    199.0   116.8   4.00E-04    
1680  16800.0     73.1    198.2   116.6   4.00E-04    
1700  17000.0     73.2    197.4   116.4   4.00E-04    
1720  17200.0     72.7    196.6   116.1   4.00E-04    
1740  17400.0     68.7    195.8   115.9   4.00E-04    
1760  17600.0     64.2    195.0   115.7   4.00E-04    
1780  17800.0     70.4    194.3   115.5   4.00E-04    
1800  18000.0     70.5    193.5   115.3   4.00E-04    
1820  18200.0     71.7    192.7   115.1   4.00E-04    
1840  18400.0     66.0    191.9   114.9   4.00E-04    
1860  18600.0     72.2    191.1   114.7   4.00E-04    
1880  18800.0     71.7    190.3   114.5   4.00E-04    
1900  19000.0     71.5    189.5   114.3   4.00E-04    
1920  19200.0     70.4    188.8   114.1   4.00E-04    
1940  19400.0     73.2    187.9   113.9   4.00E-04    
1960  19600.0     70.3    187.2   113.7   4.00E-04    
1980  19800.0     71.3    186.6   113.6   4.00E-04    
2000  20000.0     72.0    186.1   113.4   4.00E-04    
2020  20200.0     72.9    185.6   113.3   4.00E-04    
2040  20400.0     70.7    185.1   113.1   4.00E-04    
2060  20600.0     68.5    184.5   113.0   4.00E-04    
2080  20800.0     70.8    184.0   112.9   4.00E-04    
2100  21000.0     70.1    183.4   112.7   4.00E-04    
2120  21200.0     72.0    182.8   112.6   4.00E-04    
2140  21400.0     70.9    182.2   112.5   4.00E-04    
2160  21600.0     71.0    181.6   112.4   4.00E-04    
2180  21800.0     72.8    180.9   112.3   4.00E-04    
2200  22000.0     72.0    180.2   112.1   4.00E-04    
2220  22200.0     69.1    179.5   111.9   4.00E-04    
2240  22400.0     72.7    178.7   111.7   4.00E-04    
2260  22600.0     70.5    177.8   111.5   4.00E-04    
2280  22800.0     74.0    177.0   111.3   4.00E-04    
2300  23000.0     69.1    176.2   111.0   4.00E-04    
2320  23200.0     67.1    175.3   110.7   4.00E-04    
2340  23400.0     71.9    174.4   110.5   4.00E-04    
2360  23600.0     67.7    173.5   110.1   4.00E-04    
2380  23800.0     71.2    172.9   109.8   4.00E-04    
2400  24000.0     71.9    172.4   109.5   4.00E-04    
2420  24200.0     70.8    171.7   109.1   4.00E-04    
2440  24400.0     69.5    171.1   108.7   4.00E-04    
2460  24600.0     66.6    170.4   108.4   4.00E-04    
2480  24800.0     69.2    169.7   108.0   4.00E-04    
2500  25000.0     70.6    168.9   107.6   4.00E-04    
2520  25200.0     72.7    168.0   107.1   4.00E-04    
2540  25400.0     72.7    167.2   106.7   4.00E-04    
2560  25600.0     70.0    166.2   106.2   4.00E-04    
2580  25800.0     68.4    165.2   105.7   4.00E-04    
2600  26000.0     68.9    164.2   105.2   4.00E-04    
2620  26200.0     71.2    163.1   104.6   4.00E-04    
2640  26400.0     64.6    162.0   104.0   4.00E-04    
2660  26600.0     72.7    161.1   103.4   4.00E-04    
2680  26800.0     67.6    160.2   102.6   4.00E-04    
2700  27000.0     71.6    159.0   101.8   4.00E-04    
2720  27200.0     71.2    157.8   100.9   4.00E-04    
2740  27400.0     70.8    156.5   100.0   4.00E-04    
2760  27600.0     69.7    155.2   99.1    4.00E-04    
2780  27800.0     73.4    154.0   98.1    4.00E-04    
2800  28000.0     63.0    152.7   97.1    4.00E-04    
2820  28200.0     69.7    151.3   96.0    4.00E-04    
2840  28400.0     72.2    149.9   94.9    4.00E-04    
2860  28600.0     73.0    148.3   93.7    4.00E-04    
2880  28800.0     70.2    146.6   92.5    4.00E-04    
2900  29000.0     71.9    144.8   91.1    4.00E-04    
2920  29200.0     68.3    142.9   89.6    4.00E-04    
2940  29400.0     68.1    140.8   88.2    4.00E-04    
2960  29600.0     72.2    138.7   86.7    4.00E-04    
2980  29800.0     71.3    136.5   85.2    4.00E-04    
3000  30000.0     68.2    134.4   83.6    4.00E-04    
3020  30200.0     64.5    132.5   82.0    4.00E-04    
3040  30400.0     71.8    130.8   80.4    4.00E-04    
3060  30600.0     68.2    128.8   78.8    4.00E-04    
3080  30800.0     68.2    126.8   77.1    4.00E-04    
3100  31000.0     72.2    124.6   75.4    4.00E-04    
3120  31200.0     67.6    122.2   73.6    4.00E-04    
3140  31400.0     71.7    119.7   71.9    4.00E-04    
3160  31600.0     73.1    117.1   70.1    4.00E-04    
3180  31800.0     70.8    114.7   68.3    4.00E-04    
3200  32000.0     72.1    112.5   66.5    4.00E-04    
3220  32200.0     71.1    110.2   64.7    4.00E-04    
3240  32400.0     72.6    107.7   62.8    4.00E-04    
3260  32600.0     71.8    105.1   60.9    4.00E-04    
3280  32800.0     71.1    102.3   59.0    4.00E-04    
3300  33000.0     71.6    99.4    57.1    4.00E-04    
3320  33200.0     68.5    96.6    55.2    4.00E-04    
3340  33400.0     71.8    94.1    53.4    4.00E-04    
3360  33600.0     71.3    91.5    51.6    4.00E-04    
3380  33800.0     66.2    88.9    49.7    4.00E-04    
3400  34000.0     71.6    86.1    47.9    4.00E-04    
3420  34200.0     70.0    83.3    46.1    4.00E-04    
3440  34400.0     69.5    80.4    44.3    4.00E-04    
3460  34600.0     71.3    78.0    42.6    4.00E-04    
3480  34800.0     68.8    75.5    40.9    4.00E-04    
3500  35000.0     70.8    73.0    39.1    4.00E-04    
3520  35200.0     68.9    70.4    37.5    4.00E-04    
3540  35400.0     70.3    67.7    35.8    4.00E-04    
3560  35600.0     72.3    65.2    34.2    4.00E-04    
3580  35800.0     69.1    62.9    32.6    4.00E-04    
3600  36000.0     69.9    60.6    31.0    4.00E-04    
3620  36200.0     72.1    58.1    29.3    4.00E-04    
3640  36400.0     68.0    55.5    27.7    4.00E-04    
3660  36600.0     68.6    52.8    26.1    4.00E-04    
3680  36800.0     71.5    50.4    24.5    4.00E-04    
3700  37000.0     70.7    47.9    22.9    4.00E-04    
3720  37200.0     73.4    45.3    21.3    4.00E-04    
3740  37400.0     68.6    42.7    19.8    4.00E-04    
3760  37600.0     71.5    40.1    18.3    4.00E-04    
3780  37800.0     71.4    37.8    16.9    4.00E-04    
3800  38000.0     67.8    35.6    15.6    4.00E-04    
3820  38200.0     72.2    33.4    14.2    4.00E-04    
3840  38400.0     67.1    31.1    12.8    4.00E-04    
3860  38600.0     68.8    28.8    11.7    4.00E-04    
3880  38800.0     67.7    28.4    11.6    4.00E-04    
3900  39000.0     68.1    28.5    11.6    4.00E-04    
3920  39200.0     71.8    28.7    11.5    4.00E-04    
3940  39400.0     64.4    29.0    11.5    4.00E-04    
3960  39600.0     70.6    29.2    11.5    4.00E-04    
3980  39800.0     70.3    29.4    11.4    4.00E-04    
4000  40000.0     72.6    29.6    11.3    4.00E-04    
4020  40200.0     71.7    29.7    11.3    4.00E-04    
4040  40400.0     70.1    29.8    11.1    4.00E-04    
4060  40600.0     72.5    29.8    11.0    4.00E-04    
4080  40800.0     73.3    29.8    10.9    4.00E-04    
4100  41000.0     72.0    29.7    10.8    4.00E-04    
4120  41200.0     72.7    29.7    10.5    4.00E-04    
4140  41400.0     71.7    29.8    10.2    4.00E-04    
4160  41600.0     70.1    29.7    9.8     4.00E-04    
4180  41800.0     72.8    29.6    9.6     4.00E-04    
4200  42000.0     69.8    29.4    9.7     4.00E-04    
4220  42200.0     67.9    29.1    10.0    4.00E-04    
4240  42400.0     71.0    28.9    10.0    4.00E-04    
4260  42600.0     73.0    28.5    10.0    4.00E-04    
4280  42800.0     69.2    28.1    10.0    4.00E-04    
4300  43000.0     69.3    27.8    9.9     4.00E-04    
4320  43200.0     73.6    27.5    9.8     4.00E-04    
4340  43400.0     72.4    27.3    9.8     4.00E-04    
4360  43600.0     70.9    27.0    9.7     4.00E-04    
4380  43800.0     70.8    26.7    9.5     4.00E-04    
4400  44000.0     70.5    26.3    9.4     4.00E-04    
4420  44200.0     72.2    25.9    9.3     4.00E-04    
4440  44400.0     70.0    25.5    9.2     4.00E-04    
4460  44600.0     71.1    25.0    9.1     4.00E-04    
4480  44800.0     69.6    24.5    8.9     4.00E-04    
4500  45000.0     73.8    23.9    8.8     4.00E-04    
4520  45200.0     70.4    23.5    8.6     4.00E-04    
4540  45400.0     68.3    23.1    8.5     4.00E-04    
4560  45600.0     69.8    22.8    8.3     4.00E-04    
4580  45800.0     69.6    22.4    8.1     4.00E-04    
4600  46000.0     68.7    21.9    8.0     4.00E-04    
4620  46200.0     71.3    21.5    7.8     4.00E-04    
4640  46400.0     67.8    21.0    8.0     4.00E-04    
4660  46600.0     71.3    20.5    8.2     4.00E-04    
4680  46800.0     70.9    20.0    8.4     4.00E-04    
4700  47000.0     65.9    19.5    8.6     4.00E-04    
4720  47200.0     71.6    19.0    8.8     4.00E-04    
4740  47400.0     71.1    18.6    8.9     4.00E-04    
4760  47600.0     73.2    18.2    9.0     4.00E-04    
4780  47800.0     69.8    17.7    9.1     4.00E-04    
4800  48000.0     64.8    17.3    9.2     4.00E-04    
4820  48200.0     68.9    16.8    9.3     4.00E-04    
4840  48400.0     71.3    16.4    9.4     4.00E-04    
4860  48600.0     71.5    15.9    9.4     4.00E-04    
4880  48800.0     71.3    15.5    9.5     4.00E-04    
4900  49000.0     72.1    15.1    9.6     4.00E-04    
4920  49200.0     74.7    15.4    9.6     4.00E-04    
4940  49400.0     72.9    15.7    9.7     4.00E-04    
4960  49600.0     70.8    16.0    9.7     4.00E-04    
4980  49800.0     69.8    16.3    9.7     4.00E-04    
5000  50000.0     72.0    16.5    9.7     4.00E-04    
5020  50200.0     73.8    16.8    9.7     4.00E-04    
5040  50400.0     67.8    17.0    9.7     4.00E-04    
5060  50600.0     72.8    17.3    9.7     4.00E-04    
5080  50800.0     71.1    17.5    9.6     4.00E-04    
5100  51000.0     70.4    17.7    9.6     4.00E-04    
5120  51200.0     66.7    17.9    9.5     4.00E-04    
5140  51400.0     70.0    18.1    9.5     4.00E-04    
5160  51600.0     69.9    18.3    9.4     4.00E-04    
5180  51800.0     69.4    18.4    9.3     4.00E-04    
5200  52000.0     73.3    18.5    9.2     4.00E-04    
5220  52200.0     71.6    18.7    9.2     4.00E-04    
5240  52400.0     71.3    18.8    9.0     4.00E-04    
5260  52600.0     71.1    18.9    8.9     4.00E-04    
5280  52800.0     69.0    19.0    8.8     4.00E-04    
5300  53000.0     72.2    19.0    8.7     4.00E-04    
5320  53200.0     69.8    19.1    8.5     4.00E-04    
5340  53400.0     66.9    19.2    8.4     4.00E-04    
5360  53600.0     73.7    19.2    8.2     4.00E-04    
5380  53800.0     71.4    19.2    8.0     4.00E-04    
5400  54000.0     73.5    19.2    7.9     4.00E-04    
5420  54200.0     70.3    19.2    7.7     4.00E-04    
5440  54400.0     69.2    19.2    7.5     4.00E-04    
5460  54600.0     72.9    19.1    7.4     4.00E-04    
5480  54800.0     69.5    19.1    7.2     4.00E-04    
5500  55000.0     66.8    19.0    7.0     4.00E-04    
5520  55200.0     70.3    19.0    6.9     4.00E-04    
5540  55400.0     70.7    18.9    6.7     4.00E-04    
5560  55600.0     71.1    18.8    6.5     4.00E-04    
5580  55800.0     70.0    18.7    6.3     4.00E-04    
5600  56000.0     71.1    18.6    6.1     4.00E-04    
5620  56200.0     68.2    18.5    5.9     4.00E-04    
5640  56400.0     69.8    18.3    5.7     4.00E-04    
5660  56600.0     65.7    18.2    5.6     4.00E-04    
5680  56800.0     70.4    18.0    5.4     4.00E-04    
5700  57000.0     71.0    17.8    5.1     4.00E-04    
5720  57200.0     67.5    17.7    5.0     4.00E-04    
5740  57400.0     66.9    17.5    4.8     4.00E-04    
5760  57600.0     68.0    17.3    4.6     4.00E-04    
5780  57800.0     69.7    17.1    4.4     4.00E-04    
5800  58000.0     72.2    16.9    4.2     4.00E-04    
5820  58200.0     72.2    16.6    4.0     4.00E-04    
5840  58400.0     72.4    16.4    3.9     4.00E-04    
5860  58600.0     72.3    16.2    3.7     4.00E-04    
5880  58800.0     71.0    15.9    3.6     4.00E-04    
5900  59000.0     70.1    15.7    3.4     4.00E-04    
5920  59200.0     71.7    15.4    3.2     4.00E-04    
5940  59400.0     71.4    15.2    3.1     4.00E-04    
5960  59600.0     71.9    14.9    3.0     4.00E-04    
5980  59800.0     73.0    14.6    2.8     4.00E-04    
6000  60000.0     69.3    14.3    2.7     4.00E-04    
6020  60200.0     68.6    14.1    2.6     4.00E-04    
6040  60400.0     70.7    13.8    2.5     4.00E-04    
6060  60600.0     72.6    13.5    2.3     4.00E-04    
6080  60800.0     65.9    13.2    2.2     4.00E-04    
6100  61000.0     72.1    12.9    2.2     4.00E-04    
6120  61200.0     70.4    12.6    2.2     4.00E-04    
6140  61400.0     72.1    12.3    2.2     4.00E-04    
6160  61600.0     67.8    12.0    2.3     4.00E-04    
6180  61800.0     67.8    11.7    2.3     4.00E-04    
6200  62000.0     67.9    11.4    2.4     4.00E-04    
6220  62200.0     61.9    11.1    2.4     4.00E-04    
6240  62400.0     72.7    10.8    2.4     4.00E-04    
6260  62600.0     65.3    10.5    2.4     4.00E-04    
6280  62800.0     69.5    10.2    2.4     4.00E-04    
6300  63000.0     70.9    9.9     2.4     4.00E-04    
6320  63200.0     70.6    9.6     2.3     4.00E-04    
6340  63400.0     71.7    9.4     2.3     4.00E-04    
6360  63600.0     69.1    9.1     2.3     4.00E-04    
6380  63800.0     72.2    8.8     2.3     4.00E-04    
6400  64000.0     71.3    8.5     2.3     4.00E-04    
6420  64200.0     63.8    8.3     2.3     4.00E-04    
6440  64400.0     68.9    8.0     2.3     4.00E-04    
6460  64600.0     71.4    7.8     2.3     4.00E-04    
6480  64800.0     67.2    7.5     2.3     4.00E-04    
6500  65000.0     69.1    7.3     2.3     4.00E-04    
6520  65200.0     74.0    7.1     2.2     4.00E-04    
6540  65400.0     72.4    7.1     2.2     4.00E-04    
6560  65600.0     69.5    7.1     2.2     4.00E-04    
6580  65800.0     71.7    7.1     2.2     4.00E-04    
6600  66000.0     71.1    7.2     2.2     4.00E-04    
6620  66200.0     72.6    7.2     2.1     4.00E-04    
6640  66400.0     68.0    7.2     2.1     4.00E-04    
6660  66600.0     70.7    7.2     2.1     4.00E-04    
6680  66800.0     70.3    7.2     2.0     4.00E-04    
6700  67000.0     71.8    7.2     2.0     4.00E-04    
6720  67200.0     67.5    7.2     2.0     4.00E-04    
6740  67400.0     73.1    7.1     2.1     4.00E-04    
6760  67600.0     68.6    7.1     2.1     4.00E-04    
6780  67800.0     68.6    7.1     2.2     4.00E-04    
6800  68000.0     72.1    7.1     2.3     4.00E-04    
6820  68200.0     67.2    7.0     2.3     4.00E-04    
6840  68400.0     71.7    7.0     2.4     4.00E-04    
6860  68600.0     69.4    6.9     2.5     4.00E-04    
6880  68800.0     71.9    6.9     2.5     4.00E-04    
6900  69000.0     72.4    6.8     2.6     4.00E-04    
6920  69200.0     68.7    6.7     2.7     4.00E-04    
6940  69400.0     72.0    6.7     2.8     4.00E-04    
6960  69600.0     71.5    6.6     2.9     4.00E-04    
6980  69800.0     69.1    6.5     3.0     4.00E-04    
7000  70000.0     71.5    6.5     3.1     4.00E-04    
7020  70200.0     71.1    6.4     3.2     4.00E-04    
7040  70400.0     73.0    6.5     3.2     4.00E-04    
7060  70600.0     72.6    6.5     3.3     4.00E-04    
7080  70800.0     71.2    6.6     3.3     4.00E-04    
7100  71000.0     74.2    6.7     3.4     4.00E-04    
7120  71200.0     67.9    6.8     3.4     4.00E-04    
7140  71400.0     66.6    6.8     3.5     4.00E-04    
7160  71600.0     65.2    6.9     3.6     4.00E-04    
7180  71800.0     73.3    7.0     3.7     4.00E-04    
7200  72000.0     72.4    7.1     3.8     4.00E-04    
7220  72200.0     69.9    7.1     3.8     4.00E-04    
7240  72400.0     72.2    7.2     3.9     4.00E-04    
7260  72600.0     69.2    7.3     4.0     4.00E-04    
7280  72800.0     71.9    7.4     4.1     4.00E-04    
7300  73000.0     71.5    7.4     4.2     4.00E-04    
7320  73200.0     68.8    7.5     4.3     4.00E-04    
7340  73400.0     73.5    7.6     4.4     4.00E-04    
7360  73600.0     67.3    7.7     4.4     4.00E-04    
7380  73800.0     68.9    7.8     4.5     4.00E-04    
7400  74000.0     70.1    7.9     4.6     4.00E-04    
7420  74200.0     70.0    7.9     4.7     4.00E-04    
7440  74400.0     68.9    8.0     4.8     4.00E-04    
7460  74600.0     71.5    8.1     4.8     4.00E-04    
7480  74800.0     67.6    8.2     4.9     4.00E-04    
7500  75000.0     71.0    8.3     5.0     4.00E-04    
7520  75200.0     73.8    8.4     5.1     4.00E-04    
7540  75400.0     71.2    8.6     5.2     4.00E-04    
7560  75600.0     72.0    8.7     5.3     4.00E-04    
7580  75800.0     70.7    8.8     5.4     4.00E-04    
7600  76000.0     70.2    8.9     5.5     4.00E-04    
7620  76200.0     68.2    9.0     5.6     4.00E-04    
7640  76400.0     71.7    9.1     5.6     4.00E-04    
7660  76600.0     69.0    9.2     5.7     4.00E-04    
7680  76800.0     71.6    9.4     5.8     4.00E-04    
7700  77000.0     72.4    9.5     5.9     4.00E-04    
7720  77200.0     73.4    9.6     5.9     4.00E-04    
7740  77400.0     68.9    9.7     6.0     4.00E-04    
7760  77600.0     71.5    9.9     6.1     4.00E-04    
7780  77800.0     70.0    10.0    6.1     4.00E-04    
7800  78000.0     72.8    10.1    6.2     4.00E-04    
7820  78200.0     72.4    10.2    6.2     4.00E-04    
7840  78400.0     67.8    10.4    6.3     4.00E-04    
7860  78600.0     73.6    10.5    6.4     4.00E-04    
7880  78800.0     65.7    10.6    6.4     4.00E-04    
7900  79000.0     66.2    10.8    6.5     4.00E-04    
7920  79200.0     72.3    10.9    6.6     4.00E-04    
7940  79400.0     72.4    11.0    6.6     4.00E-04    
7960  79600.0     70.3    11.1    6.7     4.00E-04    
7980  79800.0     62.9    11.3    6.7     4.00E-04    
8000  80000.0     68.5    11.4    6.8     4.00E-04    
8020  80200.0     71.6    11.5    6.9     4.00E-04    
8040  80400.0     72.0    11.6    6.9     4.00E-04    
8060  80600.0     71.1    11.7    7.0     4.00E-04    
8080  80800.0     68.3    11.8    7.0     4.00E-04    
8100  81000.0     70.5    11.9    7.1     4.00E-04    
8120  81200.0     72.0    12.1    7.1     4.00E-04    
8140  81400.0     70.0    12.2    7.2     4.00E-04    
8160  81600.0     68.4    12.3    7.2     4.00E-04    
8180  81800.0     72.8    12.3    7.3     4.00E-04    
8200  82000.0     72.8    12.4    7.3     4.00E-04    
8220  82200.0     74.2    12.5    7.3     4.00E-04    
8240  82400.0     69.5    12.6    7.4     4.00E-04    
8260  82600.0     67.3    12.7    7.4     4.00E-04    
8280  82800.0     69.0    12.7    7.5     4.00E-04    
8300  83000.0     69.0    12.8    7.5     4.00E-04    
8320  83200.0     70.1    12.9    7.5     4.00E-04    
8340  83400.0     71.8    12.9    7.5     4.00E-04    
8360  83600.0     74.5    13.0    7.6     4.00E-04    
8380  83800.0     74.0    13.0    7.6     4.00E-04    
8400  84000.0     71.9    13.1    7.6     4.00E-04    
8420  84200.0     68.3    13.1    7.6     4.00E-04    
8440  84400.0     66.8    13.1    7.6     4.00E-04    
8460  84600.0     71.5    13.1    7.6     4.00E-04    
8480  84800.0     71.1    13.2    7.6     4.00E-04    
8500  85000.0     71.6    13.2    7.6     4.00E-04    
8520  85200.0     71.8    13.1    7.6     4.00E-04    
8540  85400.0     74.3    13.1    7.6     4.00E-04    
8560  85600.0     69.7    13.1    7.6     4.00E-04    
8580  85800.0     71.7    13.1    7.6     4.00E-04    
8600  86000.0     70.3    13.1    7.6     4.00E-04    
8620  86200.0     65.7    13.0    7.5     4.00E-04    
8640  86400.0     73.7    13.0    7.5     4.00E-04    
8660  86600.0     74.2    13.0    7.5     4.00E-04    
8680  86800.0     73.8    13.0    7.4     4.00E-04    
8700  87000.0     62.7    12.9    7.4     4.00E-04    
8720  87200.0     70.3    12.9    7.4     4.00E-04    
8740  87400.0     74.0    12.8    7.3     4.00E-04    
8760  87600.0     71.9    12.8    7.3     4.00E-04    
8780  87800.0     71.9    12.7    7.3     4.00E-04    
8800  88000.0     72.0    12.7    7.2     4.00E-04    
8820  88200.0     72.4    12.6    7.2     4.00E-04    
8840  88400.0     70.4    12.6    7.1     4.00E-04    
8860  88600.0     69.6    12.5    7.1     4.00E-04    
8880  88800.0     71.3    12.5    7.0     4.00E-04    
8900  89000.0     72.4    12.4    6.9     4.00E-04    
8920  89200.0     68.9    12.3    6.9     4.00E-04    
8940  89400.0     72.6    12.3    6.8     4.00E-04    
8960  89600.0     67.9    12.2    6.8     4.00E-04    
8980  89800.0     71.0    12.1    6.8     4.00E-04    
9000  90000.0     71.5    12.1    6.7     4.00E-04    
9020  90200.0     61.6    12.0    6.7     4.00E-04    
9040  90400.0     64.9    11.9    6.7     4.00E-04    
9060  90600.0     70.4    11.8    6.6     4.00E-04    
9080  90800.0     73.9    11.8    6.6     4.00E-04    
9100  91000.0     69.9    11.7    6.4     4.00E-04    
9120  91200.0     70.3    11.6    6.4     4.00E-04    
9140  91400.0     67.2    11.6    6.3     4.00E-04    
9160  91600.0     64.9    11.5    6.2     4.00E-04    
9180  91800.0     67.0    11.5    6.2     4.00E-04    
9200  92000.0     68.7    11.4    6.2     4.00E-04    
9220  92200.0     66.2    11.4    6.1     4.00E-04    
9240  92400.0     72.1    11.3    6.0     4.00E-04    
9260  92600.0     67.4    11.3    6.0     4.00E-04    
9280  92800.0     73.7    11.3    5.9     4.00E-04    
9300  93000.0     68.2    11.2    5.9     4.00E-04    
9320  93200.0     70.8    11.2    5.8     4.00E-04    
9340  93400.0     70.3    11.1    5.8     4.00E-04    
9360  93600.0     73.4    11.1    5.8     4.00E-04    
9380  93800.0     68.9    11.1    5.8     4.00E-04    
9400  94000.0     70.6    11.0    5.7     4.00E-04    
9420  94200.0     72.2    11.0    5.7     4.00E-04    
9440  94400.0     72.6    11.0    5.6     4.00E-04    
9460  94600.0     70.8    11.0    5.6     4.00E-04    
9480  94800.0     68.4    11.0    5.6     4.00E-04    
9500  95000.0     67.0    10.9    5.6     4.00E-04    
9520  95200.0     71.5    10.9    5.6     4.00E-04    
9540  95400.0     66.5    10.9    5.6     4.00E-04    
9560  95600.0     70.9    10.9    5.6     4.00E-04    
9580  95800.0     70.2    10.9    5.6     4.00E-04    
9600  96000.0     70.8    10.9    5.6     4.00E-04    
9620  96200.0     70.0    10.9    5.6     4.00E-04    
9640  96400.0     71.6    10.9    5.6     4.00E-04    
9660  96600.0     69.7    10.9    5.6     4.00E-04    
9680  96800.0     71.8    10.9    5.6     4.00E-04    
9700  97000.0     71.2    10.9    5.6     4.00E-04    
9720  97200.0     72.3    10.8    5.6     4.00E-04    
9740  97400.0     63.3    10.8    5.6     4.00E-04    
9760  97600.0     66.5    10.8    5.6     4.00E-04    
9780  97800.0     71.5    10.8    5.6     4.00E-04    
9800  98000.0     68.3    10.8    5.6     4.00E-04    
9820  98200.0     71.9    10.8    5.6     4.00E-04    
9840  98400.0     72.4    10.9    5.6     4.00E-04    
9860  98600.0     70.8    10.9    5.6     4.00E-04    
9880  98800.0     73.2    10.9    5.7     4.00E-04    
9900  99000.0     71.4    10.9    5.7     4.00E-04    
9920  99200.0     66.8    10.9    5.7     4.00E-04    
9940  99400.0     69.0    10.9    5.7     4.00E-04    
9960  99600.0     68.7    10.9    5.7     4.00E-04    
9980  99800.0     71.1    10.9    5.7     4.00E-04    
10000 100000.0    66.2    10.9    5.7     4.00E-04    
10020 100200.0    70.5    10.9    5.7     4.00E-04    
10040 100400.0    71.7    10.9    5.7     4.00E-04    
10060 100600.0    73.2    10.9    5.8     4.00E-04    
10080 100800.0    72.3    10.9    5.8     4.00E-04    
10100 101000.0    69.9    10.9    5.8     4.00E-04    
10120 101200.0    68.0    10.9    5.8     4.00E-04    
10140 101400.0    73.6    10.9    5.8     4.00E-04    
10160 101600.0    72.2    11.0    5.8     4.00E-04    
10180 101800.0    70.5    11.0    5.9     4.00E-04    
10200 102000.0    70.8    11.0    5.9     4.00E-04    
10220 102200.0    73.0    11.0    5.9     4.00E-04    
10240 102400.0    73.5    11.0    5.9     4.00E-04    
10260 102600.0    71.3    11.0    5.9     4.00E-04    
10280 102800.0    70.4    11.0    6.0     4.00E-04    
10300 103000.0    73.0    11.0    6.0     4.00E-04    
10320 103200.0    71.5    11.0    6.0     4.00E-04    
10340 103400.0    71.8    11.0    6.0     4.00E-04    
10360 103600.0    69.8    11.1    6.0     4.00E-04    
10380 103800.0    66.2    11.1    6.0     4.00E-04    
10400 104000.0    70.9    11.1    6.1     4.00E-04    
10420 104200.0    70.1    11.1    6.1     4.00E-04    
10440 104400.0    69.2    11.1    6.1     4.00E-04    
10460 104600.0    69.3    11.1    6.1     4.00E-04    
10480 104800.0    72.8    11.1    6.1     4.00E-04    
10500 105000.0    68.2    11.2    6.2     4.00E-04    
10520 105200.0    72.8    11.2    6.2     4.00E-04    
10540 105400.0    71.5    11.2    6.2     4.00E-04    
10560 105600.0    66.0    11.2    6.3     4.00E-04    
10580 105800.0    70.9    11.2    6.2     4.00E-04    
10600 106000.0    68.2    11.2    6.3     4.00E-04    
10620 106200.0    70.4    11.2    6.3     4.00E-04    
10640 106400.0    68.6    11.2    6.3     4.00E-04    
10660 106600.0    71.5    11.2    6.3     4.00E-04    
10680 106800.0    69.5    11.2    6.4     4.00E-04    
10700 107000.0    70.5    11.3    6.3     4.00E-04    
10720 107200.0    66.3    11.3    6.4     4.00E-04    
10740 107400.0    71.3    11.3    6.4     4.00E-04    
10760 107600.0    72.0    11.3    6.4     4.00E-04    
10780 107800.0    66.4    11.3    6.4     4.00E-04    
10800 108000.0    72.0    11.3    6.4     4.00E-04    
10820 108200.0    68.1    11.3    6.4     4.00E-04    
10840 108400.0    70.7    11.3    6.4     4.00E-04    
10860 108600.0    71.6    11.3    6.4     4.00E-04    
10880 108800.0    73.6    11.3    6.4     4.00E-04    
10900 109000.0    67.5    11.3    6.4     4.00E-04    
10920 109200.0    66.6    11.3    6.4     4.00E-04    
10940 109400.0    62.9    11.2    6.4     4.00E-04    
10960 109600.0    72.5    11.2    6.4     4.00E-04    
10980 109800.0    73.1    11.2    6.4     4.00E-04    
11000 110000.0    64.0    11.2    6.4     4.00E-04    
11020 110200.0    72.3    11.2    6.3     4.00E-04    
11040 110400.0    66.6    11.2    6.3     4.00E-04    
11060 110600.0    69.8    11.2    6.3     4.00E-04    
11080 110800.0    57.5    11.2    6.3     4.00E-04    
11100 111000.0    55.4    11.2    6.3     4.00E-04    
11120 111200.0    70.6    11.2    6.3     4.00E-04    
11140 111400.0    48.1    11.2    6.3     4.00E-04    
11160 111600.0    67.6    11.2    6.3     4.00E-04    
11180 111800.0    66.2    11.1    6.3     4.00E-04    
11200 112000.0    62.9    11.1    6.3     4.00E-04    
11220 112200.0    66.3    11.1    6.3     4.00E-04    
11240 112400.0    66.2    11.1    6.2     4.00E-04    
11260 112600.0    72.6    11.1    6.2     4.00E-04    
11280 112800.0    59.3    11.0    6.2     4.00E-04    
11300 113000.0    73.8    11.0    6.2     4.00E-04    
11320 113200.0    55.1    11.0    6.2     4.00E-04    
11340 113400.0    74.5    11.0    6.1     4.00E-04    
11360 113600.0    61.6    10.9    6.1     4.00E-04    
11380 113800.0    68.9    10.9    6.1     4.00E-04    
11400 114000.0    43.9    10.9    6.1     4.00E-04    
11420 114200.0    67.3    10.8    6.1     4.00E-04    
11440 114400.0    59.9    10.8    6.1     4.00E-04    
11460 114600.0    66.4    10.8    6.0     4.00E-04    
11480 114800.0    61.5    10.7    6.0     4.00E-04    
11500 115000.0    59.8    10.7    5.9     4.00E-04    
11520 115200.0    64.4    10.7    5.9     4.00E-04    
11540 115400.0    57.1    10.6    5.9     4.00E-04    
11560 115600.0    64.7    10.6    5.8     4.00E-04    
11580 115800.0    69.1    10.6    5.8     4.00E-04    
11600 116000.0    65.7    10.5    5.8     4.00E-04    
11620 116200.0    69.1    10.5    5.8     4.00E-04    
11640 116400.0    61.6    10.5    5.8     4.00E-04    
11660 116600.0    67.8    10.5    5.8     4.00E-04    
11680 116800.0    58.3    10.5    5.7     4.00E-04    
11700 117000.0    66.9    10.5    5.7     4.00E-04    
11720 117200.0    63.9    10.5    5.7     4.00E-04    
11740 117400.0    67.8    10.5    5.7     4.00E-04    
11760 117600.0    51.3    10.4    5.7     4.00E-04    
11780 117800.0    57.2    10.4    5.6     4.00E-04    
11800 118000.0    61.9    10.4    5.6     4.00E-04    
11820 118200.0    63.1    10.4    5.6     4.00E-04    
11840 118400.0    71.9    10.4    5.5     4.00E-04    
11860 118600.0    63.1    10.4    5.6     4.00E-04    
11880 118800.0    70.5    10.4    5.6     4.00E-04    
11900 119000.0    63.3    10.4    5.5     4.00E-04    
11920 119200.0    69.1    10.3    5.5     4.00E-04    
11940 119400.0    65.2    10.3    5.5     4.00E-04    
11960 119600.0    58.6    10.3    5.5     4.00E-04    
11980 119800.0    64.0    10.3    5.5     4.00E-04    
12000 120000.0    68.2    10.3    5.5     4.00E-04    
12020 120200.0    62.0    10.3    5.5     4.00E-04    
12040 120400.0    69.3    10.3    5.5     4.00E-04    
12060 120600.0    67.4    10.3    5.5     4.00E-04    
12080 120800.0    73.3    10.3    5.5     4.00E-04    
12100 121000.0    69.9    10.3    5.4     4.00E-04    
12120 121200.0    71.8    10.3    5.5     4.00E-04    
12140 121400.0    67.2    10.3    5.5     4.00E-04    
12160 121600.0    68.4    10.3    5.5     4.00E-04    
12180 121800.0    60.8    10.3    5.5     4.00E-04    
12200 122000.0    62.9    10.3    5.5     4.00E-04    
12220 122200.0    67.7    10.4    5.5     4.00E-04    
12240 122400.0    60.2    10.4    5.5     4.00E-04    
12260 122600.0    68.0    10.4    5.5     4.00E-04    
12280 122800.0    69.2    10.4    5.5     4.00E-04    
12300 123000.0    68.1    10.4    5.5     4.00E-04    
12320 123200.0    68.8    10.5    5.5     4.00E-04    
12340 123400.0    68.3    10.5    5.5     4.00E-04    
12360 123600.0    56.2    10.5    5.5     4.00E-04    
12380 123800.0    58.8    10.5    5.5     4.00E-04    
12400 124000.0    32.0    10.5    5.5     4.00E-04    
12420 124200.0    69.8    10.6    5.5     4.00E-04    
12440 124400.0    65.4    10.6    5.6     4.00E-04    
12460 124600.0    63.9    10.6    5.6     4.00E-04    
12480 124800.0    59.2    10.6    5.6     4.00E-04    
12500 125000.0    71.4    10.6    5.6     4.00E-04    
12520 125200.0    68.0    10.7    5.6     4.00E-04    
12540 125400.0    55.7    10.7    5.6     4.00E-04    
12560 125600.0    33.8    10.7    5.7     4.00E-04    
12580 125800.0    70.5    10.8    5.7     4.00E-04    
12600 126000.0    49.6    10.8    5.7     4.00E-04    
12620 126200.0    69.9    10.8    5.7     4.00E-04    
12640 126400.0    70.3    10.8    5.7     4.00E-04    
12660 126600.0    67.3    10.9    5.8     4.00E-04    
12680 126800.0    48.6    10.9    5.8     4.00E-04    
12700 127000.0    65.6    10.9    5.8     4.00E-04    
12720 127200.0    57.5    10.9    5.8     4.00E-04    
12740 127400.0    71.2    11.0    5.8     4.00E-04    
12760 127600.0    68.2    11.0    5.9     4.00E-04    
12780 127800.0    61.8    11.0    5.9     4.00E-04    
12800 128000.0    48.2    11.1    5.9     4.00E-04    
12820 128200.0    71.8    11.1    6.0     4.00E-04    
12840 128400.0    66.0    11.1    6.0     4.00E-04    
12860 128600.0    31.6    11.1    6.0     4.00E-04    
12880 128800.0    52.6    11.2    6.0     4.00E-04    
12900 129000.0    58.7    11.2    6.0     4.00E-04    
12920 129200.0    71.5    11.2    6.1     4.00E-04    
12940 129400.0    56.6    11.2    6.1     4.00E-04    
12960 129600.0    57.4    11.2    6.1     4.00E-04    
12980 129800.0    64.6    11.3    6.1     4.00E-04    
13000 130000.0    57.6    11.3    6.2     4.00E-04    
13020 130200.0    64.5    11.3    6.2     4.00E-04    
13040 130400.0    65.5    11.3    6.2     4.00E-04    
13060 130600.0    50.3    11.3    6.2     4.00E-04    
13080 130800.0    50.4    11.3    6.2     4.00E-04    
13100 131000.0    67.5    11.3    6.2     4.00E-04    
13120 131200.0    65.7    11.3    6.2     4.00E-04    
13140 131400.0    58.0    11.3    6.3     4.00E-04    
13160 131600.0    67.6    11.3    6.3     4.00E-04    
13180 131800.0    70.8    11.3    6.3     4.00E-04    
13200 132000.0    69.3    11.4    6.3     4.00E-04    
13220 132200.0    63.0    11.4    6.3     4.00E-04    
13240 132400.0    66.8    11.4    6.3     4.00E-04    
13260 132600.0    60.5    11.4    6.3     4.00E-04    
13280 132800.0    63.8    11.4    6.4     4.00E-04    
13300 133000.0    56.1    11.4    6.4     4.00E-04    
13320 133200.0    67.7    11.4    6.4     4.00E-04    
13340 133400.0    60.0    11.3    6.4     4.00E-04    
13360 133600.0    69.4    11.3    6.4     4.00E-04    
13380 133800.0    49.3    11.3    6.4     4.00E-04    
13400 134000.0    58.5    11.3    6.4     4.00E-04    
13420 134200.0    57.8    11.3    6.4     4.00E-04    
13440 134400.0    59.3    11.3    6.4     4.00E-04    
13460 134600.0    61.8    11.3    6.4     4.00E-04    
13480 134800.0    55.7    11.3    6.4     4.00E-04    
13500 135000.0    72.0    11.3    6.4     4.00E-04    
13520 135200.0    63.5    11.3    6.4     4.00E-04    
13540 135400.0    71.7    11.2    6.3     4.00E-04    
13560 135600.0    62.4    11.2    6.3     4.00E-04    
13580 135800.0    70.0    11.2    6.3     4.00E-04    
13600 136000.0    68.3    11.2    6.3     4.00E-04    
13620 136200.0    65.6    11.2    6.3     4.00E-04    
13640 136400.0    46.1    11.1    6.3     4.00E-04    
13660 136600.0    63.4    11.1    6.3     4.00E-04    
13680 136800.0    65.5    11.1    6.3     4.00E-04    
13700 137000.0    54.0    11.1    6.3     4.00E-04    
13720 137200.0    63.0    11.0    6.3     4.00E-04    
13740 137400.0    72.4    11.0    6.3     4.00E-04    
13760 137600.0    70.7    11.0    6.2     4.00E-04    
13780 137800.0    65.7    11.0    6.2     4.00E-04    
13800 138000.0    62.4    10.9    6.2     4.00E-04    
13820 138200.0    67.5    10.9    6.2     4.00E-04    
13840 138400.0    73.3    10.9    6.1     4.00E-04    
13860 138600.0    63.8    10.8    6.1     4.00E-04    
13880 138800.0    70.3    10.8    6.1     4.00E-04    
13900 139000.0    60.6    10.8    6.1     4.00E-04    
13920 139200.0    70.0    10.7    6.0     4.00E-04    
13940 139400.0    59.4    10.7    6.0     4.00E-04    
13960 139600.0    61.8    10.7    6.0     4.00E-04    
13980 139800.0    71.6    10.6    6.0     4.00E-04    
14000 140000.0    68.6    10.6    6.0     4.00E-04    
14020 140200.0    60.9    10.6    5.9     4.00E-04    
14040 140400.0    65.7    10.5    5.9     4.00E-04    
14060 140600.0    69.7    10.5    5.9     4.00E-04    
14080 140800.0    42.8    10.5    5.9     4.00E-04    
14100 141000.0    43.9    10.4    5.9     4.00E-04    
14120 141200.0    64.1    10.4    5.8     4.00E-04    
14140 141400.0    72.5    10.4    5.8     4.00E-04    
14160 141600.0    67.6    10.4    5.8     4.00E-04    
14180 141800.0    71.7    10.3    5.8     4.00E-04    
14200 142000.0    72.5    10.3    5.7     4.00E-04    
14220 142200.0    66.5    10.2    5.7     4.00E-04    
14240 142400.0    55.1    10.2    5.7     4.00E-04    
14260 142600.0    61.4    10.2    5.7     4.00E-04    
14280 142800.0    68.1    10.2    5.6     4.00E-04    
14300 143000.0    61.8    10.1    5.6     4.00E-04    
14320 143200.0    57.8    10.1    5.6     4.00E-04    
14340 143400.0    65.4    10.1    5.6     4.00E-04    
14360 143600.0    72.5    10.0    5.5     4.00E-04    
14380 143800.0    68.0    10.0    5.5     4.00E-04    
14400 144000.0    54.9    10.0    5.5     4.00E-04    
14420 144200.0    67.4    10.0    5.4     4.00E-04    
14440 144400.0    55.5    9.9     5.4     4.00E-04    
14460 144600.0    60.3    9.9     5.4     4.00E-04    
14480 144800.0    69.0    9.9     5.4     4.00E-04    
14500 145000.0    52.1    9.8     5.4     4.00E-04    
14520 145200.0    70.8    9.8     5.3     4.00E-04    
14540 145400.0    68.4    9.8     5.3     4.00E-04    
14560 145600.0    61.2    9.8     5.3     4.00E-04    
14580 145800.0    70.2    9.8     5.2     4.00E-04    
14600 146000.0    71.0    9.7     5.2     4.00E-04    
14620 146200.0    74.9    9.7     5.2     4.00E-04    
14640 146400.0    56.4    9.7     5.2     4.00E-04    
14660 146600.0    74.3    9.7     5.1     4.00E-04    
14680 146800.0    69.5    9.6     5.1     4.00E-04    
14700 147000.0    71.5    9.6     5.1     4.00E-04    
14720 147200.0    68.4    9.6     5.1     4.00E-04    
14740 147400.0    68.5    9.6     5.0     4.00E-04    
14760 147600.0    56.1    9.6     5.1     4.00E-04    
14780 147800.0    67.1    9.6     5.0     4.00E-04    
14800 148000.0    70.6    9.5     5.0     4.00E-04    
14820 148200.0    64.3    9.5     5.0     4.00E-04    
14840 148400.0    71.3    9.5     5.0     4.00E-04    
14860 148600.0    68.2    9.5     5.0     4.00E-04    
14880 148800.0    57.3    9.5     4.9     4.00E-04    
14900 149000.0    68.1    9.5     4.9     4.00E-04    
14920 149200.0    41.3    9.4     4.9     4.00E-04    
14940 149400.0    65.1    9.4     4.9     4.00E-04    
14960 149600.0    68.2    9.4     4.9     4.00E-04    
14980 149800.0    68.7    9.4     4.9     4.00E-04    
15000 150000.0    69.5    9.4     4.8     4.00E-04    
15020 150200.0    51.0    9.4     4.8     4.00E-04    
15040 150400.0    65.0    9.3     4.8     4.00E-04    
15060 150600.0    66.7    9.3     4.8     4.00E-04    
15080 150800.0    71.0    9.3     4.8     4.00E-04    
15100 151000.0    59.0    9.3     4.8     4.00E-04    
15120 151200.0    63.5    9.3     4.8     4.00E-04    
15140 151400.0    40.5    9.3     4.7     4.00E-04    
15160 151600.0    65.7    9.3     4.7     4.00E-04    
15180 151800.0    70.5    9.3     4.7     4.00E-04    
15200 152000.0    57.0    9.2     4.7     4.00E-04    
15220 152200.0    59.3    9.2     4.7     4.00E-04    
15240 152400.0    71.5    9.2     4.7     4.00E-04    
15260 152600.0    58.7    9.2     4.7     4.00E-04    
15280 152800.0    73.0    9.2     4.7     4.00E-04    
15300 153000.0    40.7    9.2     4.7     4.00E-04    
15320 153200.0    62.5    9.2     4.7     4.00E-04    
15340 153400.0    64.4    9.2     4.7     4.00E-04    
15360 153600.0    63.0    9.2     4.7     4.00E-04    
15380 153800.0    72.8    9.2     4.7     4.00E-04    
15400 154000.0    70.8    9.1     4.7     4.00E-04    
15420 154200.0    61.7    9.1     4.7     4.00E-04    
15440 154400.0    66.9    9.1     4.7     4.00E-04    
15460 154600.0    70.6    9.1     4.7     4.00E-04    
15480 154800.0    60.3    9.1     4.7     4.00E-04    
15500 155000.0    61.9    9.1     4.6     4.00E-04    
15520 155200.0    68.6    9.1     4.6     4.00E-04    
15540 155400.0    70.5    9.1     4.6     4.00E-04    
15560 155600.0    72.0    9.1     4.6     4.00E-04    
15580 155800.0    68.7    9.1     4.6     4.00E-04    
15600 156000.0    59.1    9.1     4.6     4.00E-04    
15620 156200.0    63.3    9.1     4.6     4.00E-04    
15640 156400.0    65.8    9.1     4.6     4.00E-04    
15660 156600.0    44.4    9.1     4.6     4.00E-04    
15680 156800.0    65.3    9.1     4.6     4.00E-04    
15700 157000.0    75.3    9.0     4.6     4.00E-04    
15720 157200.0    65.8    9.0     4.6     4.00E-04    
15740 157400.0    64.2    9.0     4.6     4.00E-04    
15760 157600.0    67.0    9.0     4.6     4.00E-04    
15780 157800.0    64.8    9.0     4.6     4.00E-04    
15800 158000.0    65.7    9.0     4.6     4.00E-04    
15820 158200.0    54.3    9.0     4.6     4.00E-04    
15840 158400.0    15.6    9.0     4.6     4.00E-04    
15860 158600.0    50.5    9.0     4.6     4.00E-04    
15880 158800.0    57.6    9.0     4.6     4.00E-04    
15900 159000.0    68.8    8.9     4.6     4.00E-04    
15920 159200.0    67.2    8.9     4.6     4.00E-04    
15940 159400.0    54.3    8.9     4.6     4.00E-04    
15960 159600.0    68.7    8.9     4.6     4.00E-04    
15980 159800.0    70.2    8.9     4.6     4.00E-04    
16000 160000.0    70.2    8.9     4.6     4.00E-04    
16020 160200.0    57.1    8.9     4.5     4.00E-04    
16040 160400.0    72.6    8.9     4.5     4.00E-04    
16060 160600.0    39.9    8.8     4.5     4.00E-04    
16080 160800.0    66.1    8.8     4.5     4.00E-04    
16100 161000.0    67.9    8.8     4.5     4.00E-04    
16120 161200.0    58.4    8.8     4.5     4.00E-04    
16140 161400.0    73.0    8.8     4.5     4.00E-04    
16160 161600.0    62.8    8.8     4.5     4.00E-04    
16180 161800.0    44.8    8.8     4.5     4.00E-04    
16200 162000.0    14.8    8.7     4.5     4.00E-04    
16220 162200.0    21.2    8.7     4.4     4.00E-04    
16240 162400.0    62.1    8.7     4.5     4.00E-04    
16260 162600.0    65.5    8.7     4.5     4.00E-04    
16280 162800.0    46.7    8.7     4.4     4.00E-04    
16300 163000.0    56.9    8.7     4.4     4.00E-04    
16320 163200.0    43.6    8.6     4.4     4.00E-04    
16340 163400.0    54.6    8.6     4.4     4.00E-04    
16360 163600.0    58.5    8.6     4.4     4.00E-04    
16380 163800.0    65.5    8.6     4.4     4.00E-04    
16400 164000.0    63.1    8.6     4.4     4.00E-04    
16420 164200.0    71.8    8.5     4.4     4.00E-04    
16440 164400.0    68.9    8.5     4.4     4.00E-04    
16460 164600.0    58.2    8.5     4.4     4.00E-04    
16480 164800.0    69.5    8.5     4.4     4.00E-04    
16500 165000.0    75.0    8.5     4.3     4.00E-04    
16520 165200.0    67.9    8.4     4.3     4.00E-04    
16540 165400.0    67.8    8.4     4.3     4.00E-04    
16560 165600.0    71.2    8.4     4.3     4.00E-04    
16580 165800.0    66.2    8.4     4.3     4.00E-04    
16600 166000.0    60.7    8.3     4.3     4.00E-04    
16620 166200.0    66.2    8.3     4.3     4.00E-04    
16640 166400.0    40.2    8.3     4.3     4.00E-04    
16660 166600.0    67.2    8.3     4.2     4.00E-04    
16680 166800.0    71.2    8.2     4.2     4.00E-04    
16700 167000.0    47.2    8.2     4.2     4.00E-04    
16720 167200.0    61.6    8.2     4.2     4.00E-04    
16740 167400.0    61.3    8.2     4.2     4.00E-04    
16760 167600.0    69.3    8.1     4.2     4.00E-04    
16780 167800.0    61.2    8.1     4.2     4.00E-04    
16800 168000.0    58.9    8.1     4.1     4.00E-04    
16820 168200.0    55.5    8.1     4.1     4.00E-04    
16840 168400.0    58.4    8.0     4.1     4.00E-04    
16860 168600.0    53.5    8.0     4.1     4.00E-04    
16880 168800.0    63.0    8.0     4.1     4.00E-04    
16900 169000.0    73.8    8.0     4.1     4.00E-04    
16920 169200.0    71.9    7.9     4.0     4.00E-04    
16940 169400.0    70.7    7.9     4.0     4.00E-04    
16960 169600.0    73.5    7.9     4.0     4.00E-04    
16980 169800.0    56.3    7.9     4.0     4.00E-04    
17000 170000.0    60.1    7.8     4.0     4.00E-04    
17020 170200.0    67.3    7.8     3.9     4.00E-04    
17040 170400.0    65.9    7.8     3.9     4.00E-04    
17060 170600.0    73.1    7.7     3.9     4.00E-04    
17080 170800.0    59.5    7.7     3.9     4.00E-04    
17100 171000.0    66.3    7.7     3.9     4.00E-04    
17120 171200.0    42.8    7.7     3.8     4.00E-04    
17140 171400.0    57.7    7.6     3.8     4.00E-04    
17160 171600.0    67.2    7.6     3.8     4.00E-04    
17180 171800.0    63.1    7.6     3.8     4.00E-04    
17200 172000.0    59.2    7.6     3.8     4.00E-04    
17220 172200.0    65.6    7.5     3.8     4.00E-04    
17240 172400.0    50.7    7.5     3.8     4.00E-04    
17260 172600.0    68.0    7.5     3.7     4.00E-04    
17280 172800.0    70.0    7.4     3.7     4.00E-04    
17300 173000.0    60.0    7.4     3.7     4.00E-04    
17320 173200.0    67.4    7.4     3.7     4.00E-04    
17340 173400.0    73.7    7.4     3.7     4.00E-04    
17360 173600.0    61.6    7.3     3.6     4.00E-04    
17380 173800.0    56.8    7.3     3.6     4.00E-04    
17400 174000.0    67.1    7.3     3.6     4.00E-04    
17420 174200.0    66.8    7.3     3.6     4.00E-04    
17440 174400.0    69.2    7.2     3.6     4.00E-04    
17460 174600.0    70.2    7.2     3.6     4.00E-04    
17480 174800.0    62.0    7.2     3.6     4.00E-04    
17500 175000.0    72.7    7.2     3.5     4.00E-04    
17520 175200.0    69.8    7.1     3.5     4.00E-04    
17540 175400.0    71.3    7.1     3.5     4.00E-04    
17560 175600.0    68.5    7.1     3.4     4.00E-04    
17580 175800.0    52.1    7.1     3.4     4.00E-04    
17600 176000.0    74.4    7.0     3.4     4.00E-04    
17620 176200.0    33.0    7.0     3.3     4.00E-04    
17640 176400.0    14.9    7.0     3.3     4.00E-04    
17660 176600.0    14.4    7.0     3.3     4.00E-04    
17680 176800.0    14.6    6.9     3.3     4.00E-04    
17700 177000.0    14.5    6.9     3.3     4.00E-04    
17720 177200.0    14.4    6.9     3.3     4.00E-04    
17740 177400.0    14.3    6.9     3.3     4.00E-04    
17760 177600.0    14.4    6.8     3.2     4.00E-04    
17780 177800.0    14.3    6.8     3.2     4.00E-04    
17800 178000.0    14.3    6.8     3.2     4.00E-04    
17820 178200.0    14.4    6.8     3.2     4.00E-04    
17840 178400.0    14.6    6.8     3.2     4.00E-04    
17860 178600.0    14.6    6.7     3.2     4.00E-04    
17880 178800.0    14.4    6.7     3.1     4.00E-04    
17900 179000.0    14.4    6.7     3.1     4.00E-04    
17920 179200.0    14.5    6.7     3.1     4.00E-04    
17940 179400.0    15.0    6.6     3.1     4.00E-04    
17960 179600.0    14.3    6.6     3.1     4.00E-04    
17980 179800.0    14.3    6.6     3.0     4.00E-04    
18000 180000.0    14.5    6.6     3.0     4.00E-04    
Total time elapsed: 16 h 36 m 2 s
********** Simulation completed **********
