Model runs in dy.s1.0.x1.0.nc
********** Simulation start **********
No.   time        cpu     uwind   wwind   xNH3        
20    200.0       17.4    25.0    25.1    4.00E-04    
40    400.0       17.9    43.0    40.0    4.00E-04    
60    600.0       18.1    56.2    49.6    4.00E-04    
80    800.0       18.9    66.3    56.7    4.00E-04    
100   1000.0      18.0    74.5    62.8    4.00E-04    
120   1200.0      18.6    81.4    68.5    4.00E-04    
140   1400.0      18.1    87.6    73.8    4.00E-04    
160   1600.0      18.0    93.5    78.7    4.00E-04    
180   1800.0      18.0    99.3    83.4    4.00E-04    
200   2000.0      18.0    104.8   87.8    4.00E-04    
220   2200.0      18.0    110.2   92.1    4.00E-04    
240   2400.0      17.9    115.5   96.4    4.00E-04    
260   2600.0      18.0    120.9   100.7   4.00E-04    
280   2800.0      18.1    126.1   104.9   4.00E-04    
300   3000.0      18.1    131.2   108.8   4.00E-04    
320   3200.0      18.1    136.0   112.1   4.00E-04    
340   3400.0      18.0    140.4   115.1   4.00E-04    
360   3600.0      18.0    144.9   117.6   4.00E-04    
380   3800.0      18.0    149.1   119.9   4.00E-04    
400   4000.0      18.0    152.9   122.0   4.00E-04    
420   4200.0      17.9    156.4   124.0   4.00E-04    
440   4400.0      18.0    159.6   125.7   4.00E-04    
460   4600.0      18.0    163.0   127.3   4.00E-04    
480   4800.0      18.9    166.4   128.8   4.00E-04    
500   5000.0      18.1    169.9   130.2   4.00E-04    
520   5200.0      18.0    173.2   131.6   4.00E-04    
540   5400.0      18.4    176.8   132.8   4.00E-04    
560   5600.0      18.1    180.1   133.9   4.00E-04    
580   5800.0      18.0    183.2   135.1   4.00E-04    
600   6000.0      18.3    186.1   136.1   4.00E-04    
620   6200.0      18.0    188.8   137.1   4.00E-04    
640   6400.0      18.1    191.7   138.0   4.00E-04    
660   6600.0      18.1    194.4   138.9   4.00E-04    
680   6800.0      18.3    196.7   139.7   4.00E-04    
700   7000.0      18.2    198.7   140.4   4.00E-04    
720   7200.0      18.2    200.4   141.1   4.00E-04    
740   7400.0      18.1    202.2   141.7   4.00E-04    
760   7600.0      18.0    204.0   142.3   4.00E-04    
780   7800.0      18.0    206.1   142.7   4.00E-04    
800   8000.0      19.4    208.3   143.1   4.00E-04    
820   8200.0      18.2    210.2   143.4   4.00E-04    
840   8400.0      18.2    211.8   143.7   4.00E-04    
860   8600.0      18.1    213.6   143.8   4.00E-04    
880   8800.0      18.3    215.1   143.9   4.00E-04    
900   9000.0      18.3    216.3   143.9   4.00E-04    
920   9200.0      18.2    217.2   143.9   4.00E-04    
940   9400.0      18.3    218.0   143.9   4.00E-04    
960   9600.0      18.3    218.5   143.8   4.00E-04    
980   9800.0      18.4    219.4   143.6   4.00E-04    
1000  10000.0     18.3    220.2   143.5   4.00E-04    
1020  10200.0     18.3    220.8   143.3   4.00E-04    
1040  10400.0     18.3    221.3   143.0   4.00E-04    
1060  10600.0     18.2    221.7   142.7   4.00E-04    
1080  10800.0     18.6    221.9   142.5   4.00E-04    
1100  11000.0     18.3    222.1   142.1   4.00E-04    
1120  11200.0     20.8    222.1   141.8   4.00E-04    
1140  11400.0     18.3    222.3   141.4   4.00E-04    
1160  11600.0     18.2    222.6   141.1   4.00E-04    
1180  11800.0     18.2    222.8   140.7   4.00E-04    
1200  12000.0     18.4    223.0   140.2   4.00E-04    
1220  12200.0     18.2    223.0   139.8   4.00E-04    
1240  12400.0     18.4    223.0   139.5   4.00E-04    
1260  12600.0     18.3    222.8   139.2   4.00E-04    
1280  12800.0     18.1    222.6   138.8   4.00E-04    
1300  13000.0     18.3    222.2   138.4   4.00E-04    
1320  13200.0     18.3    221.9   138.0   4.00E-04    
1340  13400.0     18.4    222.3   137.8   4.00E-04    
1360  13600.0     18.3    222.7   137.4   4.00E-04    
1380  13800.0     18.4    222.9   137.1   4.00E-04    
1400  14000.0     18.2    223.0   136.8   4.00E-04    
1420  14200.0     18.2    223.0   136.5   4.00E-04    
1440  14400.0     18.3    222.9   136.2   4.00E-04    
1460  14600.0     18.2    222.6   135.9   4.00E-04    
1480  14800.0     19.6    222.1   135.6   4.00E-04    
1500  15000.0     18.1    221.6   135.3   4.00E-04    
1520  15200.0     18.4    221.0   135.1   4.00E-04    
1540  15400.0     18.1    220.2   134.9   4.00E-04    
1560  15600.0     18.1    219.5   134.7   4.00E-04    
1580  15800.0     18.0    218.9   134.5   4.00E-04    
1600  16000.0     18.2    218.3   134.3   4.00E-04    
1620  16200.0     18.1    217.7   134.1   4.00E-04    
1640  16400.0     19.2    217.1   134.0   4.00E-04    
1660  16600.0     18.2    216.5   133.7   4.00E-04    
1680  16800.0     18.2    215.9   133.6   4.00E-04    
1700  17000.0     18.0    215.4   133.4   4.00E-04    
1720  17200.0     18.1    214.8   133.3   4.00E-04    
1740  17400.0     18.0    214.2   133.1   4.00E-04    
1760  17600.0     18.2    213.7   133.0   4.00E-04    
1780  17800.0     18.2    213.2   132.8   4.00E-04    
1800  18000.0     19.2    212.7   132.7   4.00E-04    
1820  18200.0     18.3    212.2   132.5   4.00E-04    
1840  18400.0     18.3    211.7   132.4   4.00E-04    
1860  18600.0     18.2    211.4   132.2   4.00E-04    
1880  18800.0     18.3    211.1   132.1   4.00E-04    
1900  19000.0     18.5    210.7   131.9   4.00E-04    
1920  19200.0     18.2    210.3   131.7   4.00E-04    
1940  19400.0     18.2    209.9   131.5   4.00E-04    
1960  19600.0     18.4    209.5   131.2   4.00E-04    
1980  19800.0     18.3    209.0   131.0   4.00E-04    
2000  20000.0     17.9    208.5   130.7   4.00E-04    
2020  20200.0     18.1    208.0   130.4   4.00E-04    
2040  20400.0     18.0    207.5   130.1   4.00E-04    
2060  20600.0     18.2    206.9   129.8   4.00E-04    
2080  20800.0     18.3    206.4   129.5   4.00E-04    
2100  21000.0     18.1    205.8   129.3   4.00E-04    
2120  21200.0     18.0    205.3   129.0   4.00E-04    
2140  21400.0     18.3    204.6   128.7   4.00E-04    
2160  21600.0     18.0    204.0   128.4   4.00E-04    
2180  21800.0     18.3    203.4   128.1   4.00E-04    
2200  22000.0     18.3    202.8   127.8   4.00E-04    
2220  22200.0     18.0    202.1   127.5   4.00E-04    
2240  22400.0     18.1    201.5   127.2   4.00E-04    
2260  22600.0     18.1    200.9   126.8   4.00E-04    
2280  22800.0     17.9    200.2   126.5   4.00E-04    
2300  23000.0     18.1    199.6   126.2   4.00E-04    
2320  23200.0     18.2    198.9   125.9   4.00E-04    
2340  23400.0     18.1    198.2   125.6   4.00E-04    
2360  23600.0     18.0    197.4   125.2   4.00E-04    
2380  23800.0     18.1    196.7   124.9   4.00E-04    
2400  24000.0     18.3    195.9   124.5   4.00E-04    
2420  24200.0     18.1    195.0   124.1   4.00E-04    
2440  24400.0     18.1    194.2   123.8   4.00E-04    
2460  24600.0     18.2    193.3   123.4   4.00E-04    
2480  24800.0     18.1    192.4   123.0   4.00E-04    
2500  25000.0     18.1    191.7   122.5   4.00E-04    
2520  25200.0     18.1    191.0   121.9   4.00E-04    
2540  25400.0     18.1    190.3   121.4   4.00E-04    
2560  25600.0     18.2    189.6   120.8   4.00E-04    
2580  25800.0     18.0    188.7   120.1   4.00E-04    
2600  26000.0     18.1    187.8   119.4   4.00E-04    
2620  26200.0     18.2    186.9   118.7   4.00E-04    
2640  26400.0     18.1    185.8   117.9   4.00E-04    
2660  26600.0     18.2    184.6   117.1   4.00E-04    
2680  26800.0     18.1    183.4   116.3   4.00E-04    
2700  27000.0     18.1    182.1   115.4   4.00E-04    
2720  27200.0     18.2    180.7   114.6   4.00E-04    
2740  27400.0     18.1    179.3   113.6   4.00E-04    
2760  27600.0     18.2    177.8   112.6   4.00E-04    
2780  27800.0     18.1    176.2   111.6   4.00E-04    
2800  28000.0     18.0    174.6   110.6   4.00E-04    
2820  28200.0     18.0    173.3   109.6   4.00E-04    
2840  28400.0     18.2    171.9   108.6   4.00E-04    
2860  28600.0     18.1    170.5   107.5   4.00E-04    
2880  28800.0     18.1    169.0   106.4   4.00E-04    
2900  29000.0     18.1    167.3   105.2   4.00E-04    
2920  29200.0     18.2    165.6   104.0   4.00E-04    
2940  29400.0     18.1    163.8   102.9   4.00E-04    
2960  29600.0     18.1    162.1   101.6   4.00E-04    
2980  29800.0     18.0    160.6   100.2   4.00E-04    
3000  30000.0     18.0    159.1   99.0    4.00E-04    
3020  30200.0     18.1    157.3   97.7    4.00E-04    
3040  30400.0     18.2    155.5   96.4    4.00E-04    
3060  30600.0     18.0    153.5   94.9    4.00E-04    
3080  30800.0     18.1    151.4   93.5    4.00E-04    
3100  31000.0     18.8    149.9   92.1    4.00E-04    
3120  31200.0     18.6    148.3   90.6    4.00E-04    
3140  31400.0     18.3    146.5   89.2    4.00E-04    
3160  31600.0     19.9    144.6   87.4    4.00E-04    
3180  31800.0     18.3    142.7   85.8    4.00E-04    
3200  32000.0     18.3    140.5   84.1    4.00E-04    
3220  32200.0     18.1    138.1   82.4    4.00E-04    
3240  32400.0     18.6    135.5   80.6    4.00E-04    
3260  32600.0     18.2    132.9   78.8    4.00E-04    
3280  32800.0     18.5    130.8   76.9    4.00E-04    
3300  33000.0     18.4    128.5   75.1    4.00E-04    
3320  33200.0     18.4    126.0   73.0    4.00E-04    
3340  33400.0     18.2    123.4   71.0    4.00E-04    
3360  33600.0     18.2    120.6   69.0    4.00E-04    
3380  33800.0     18.3    117.5   66.9    4.00E-04    
3400  34000.0     18.2    114.5   64.9    4.00E-04    
3420  34200.0     18.2    112.1   62.9    4.00E-04    
3440  34400.0     20.4    109.4   61.1    4.00E-04    
3460  34600.0     18.8    106.7   58.9    4.00E-04    
3480  34800.0     19.4    103.9   56.9    4.00E-04    
3500  35000.0     18.0    100.8   55.0    4.00E-04    
3520  35200.0     18.1    97.6    53.1    4.00E-04    
3540  35400.0     18.2    95.0    51.1    4.00E-04    
3560  35600.0     18.2    92.3    49.2    4.00E-04    
3580  35800.0     18.1    89.3    47.4    4.00E-04    
3600  36000.0     20.1    86.1    45.2    4.00E-04    
3620  36200.0     18.3    82.8    43.2    4.00E-04    
3640  36400.0     18.2    79.7    41.3    4.00E-04    
3660  36600.0     18.0    76.9    39.3    4.00E-04    
3680  36800.0     18.3    74.0    37.3    4.00E-04    
3700  37000.0     18.2    71.0    35.6    4.00E-04    
3720  37200.0     18.2    68.0    33.5    4.00E-04    
3740  37400.0     18.2    64.9    31.7    4.00E-04    
3760  37600.0     18.4    62.2    29.9    4.00E-04    
3780  37800.0     18.2    59.4    28.1    4.00E-04    
3800  38000.0     18.5    56.3    26.5    4.00E-04    
3820  38200.0     18.4    53.2    24.7    4.00E-04    
3840  38400.0     18.1    50.2    22.8    4.00E-04    
3860  38600.0     18.2    47.6    21.2    4.00E-04    
3880  38800.0     18.2    44.9    19.5    4.00E-04    
3900  39000.0     18.4    42.0    18.0    4.00E-04    
3920  39200.0     18.3    39.1    16.2    4.00E-04    
3940  39400.0     18.2    36.2    14.6    4.00E-04    
3960  39600.0     18.2    33.6    13.1    4.00E-04    
3980  39800.0     18.1    31.0    11.7    4.00E-04    
4000  40000.0     18.1    28.4    10.8    4.00E-04    
4020  40200.0     18.2    26.9    10.8    4.00E-04    
4040  40400.0     19.1    27.0    10.7    4.00E-04    
4060  40600.0     18.0    27.2    10.6    4.00E-04    
4080  40800.0     18.2    27.4    10.5    4.00E-04    
4100  41000.0     18.3    27.6    10.4    4.00E-04    
4120  41200.0     18.1    27.8    10.4    4.00E-04    
4140  41400.0     18.1    27.9    10.4    4.00E-04    
4160  41600.0     18.1    28.0    10.3    4.00E-04    
4180  41800.0     18.2    28.0    10.1    4.00E-04    
4200  42000.0     18.2    28.0    10.0    4.00E-04    
4220  42200.0     18.1    27.9    9.8     4.00E-04    
4240  42400.0     18.2    27.8    9.7     4.00E-04    
4260  42600.0     18.2    27.8    9.5     4.00E-04    
4280  42800.0     18.2    27.7    9.2     4.00E-04    
4300  43000.0     18.1    27.6    8.8     4.00E-04    
4320  43200.0     18.1    27.4    8.6     4.00E-04    
4340  43400.0     18.1    27.2    8.4     4.00E-04    
4360  43600.0     18.1    26.9    8.0     4.00E-04    
4380  43800.0     18.1    26.6    7.6     4.00E-04    
4400  44000.0     18.1    26.2    7.5     4.00E-04    
4420  44200.0     18.2    25.7    7.5     4.00E-04    
4440  44400.0     18.1    25.2    7.5     4.00E-04    
4460  44600.0     18.1    24.7    7.5     4.00E-04    
4480  44800.0     18.1    24.3    7.4     4.00E-04    
4500  45000.0     18.1    24.0    7.4     4.00E-04    
4520  45200.0     18.1    23.7    7.4     4.00E-04    
4540  45400.0     18.1    23.3    7.7     4.00E-04    
4560  45600.0     18.1    22.9    7.8     4.00E-04    
4580  45800.0     18.2    22.4    8.0     4.00E-04    
4600  46000.0     18.3    22.0    8.1     4.00E-04    
4620  46200.0     18.5    21.4    8.3     4.00E-04    
4640  46400.0     18.2    20.9    8.3     4.00E-04    
4660  46600.0     18.2    20.5    8.5     4.00E-04    
4680  46800.0     18.0    20.2    8.7     4.00E-04    
4700  47000.0     18.2    19.8    8.8     4.00E-04    
4720  47200.0     18.0    19.4    8.9     4.00E-04    
4740  47400.0     18.3    19.0    9.0     4.00E-04    
4760  47600.0     18.1    18.6    9.1     4.00E-04    
4780  47800.0     18.0    18.1    9.3     4.00E-04    
4800  48000.0     18.1    17.7    9.3     4.00E-04    
4820  48200.0     18.2    17.2    9.4     4.00E-04    
4840  48400.0     18.1    16.7    9.5     4.00E-04    
4860  48600.0     18.1    16.6    9.6     4.00E-04    
4880  48800.0     18.1    16.5    9.7     4.00E-04    
4900  49000.0     18.1    16.5    9.7     4.00E-04    
4920  49200.0     18.2    16.4    9.7     4.00E-04    
4940  49400.0     18.1    16.3    9.7     4.00E-04    
4960  49600.0     18.2    16.3    9.7     4.00E-04    
4980  49800.0     18.1    16.2    9.8     4.00E-04    
5000  50000.0     18.1    16.1    9.8     4.00E-04    
5020  50200.0     18.0    16.0    9.8     4.00E-04    
5040  50400.0     18.1    15.9    9.8     4.00E-04    
5060  50600.0     18.3    15.8    9.7     4.00E-04    
5080  50800.0     18.1    15.7    9.7     4.00E-04    
5100  51000.0     18.2    15.6    9.7     4.00E-04    
5120  51200.0     18.2    15.8    9.7     4.00E-04    
5140  51400.0     18.1    16.0    9.6     4.00E-04    
5160  51600.0     18.1    16.2    9.5     4.00E-04    
5180  51800.0     18.3    16.5    9.5     4.00E-04    
5200  52000.0     18.4    16.6    9.4     4.00E-04    
5220  52200.0     18.3    16.8    9.3     4.00E-04    
5240  52400.0     18.3    17.0    9.2     4.00E-04    
5260  52600.0     18.1    17.2    9.1     4.00E-04    
5280  52800.0     18.1    17.3    9.0     4.00E-04    
5300  53000.0     18.2    17.5    8.9     4.00E-04    
5320  53200.0     18.1    17.6    8.8     4.00E-04    
5340  53400.0     18.1    17.7    8.6     4.00E-04    
5360  53600.0     18.0    17.8    8.5     4.00E-04    
5380  53800.0     18.1    17.9    8.4     4.00E-04    
5400  54000.0     18.1    17.9    8.2     4.00E-04    
5420  54200.0     18.1    18.0    8.1     4.00E-04    
5440  54400.0     18.1    18.0    7.9     4.00E-04    
5460  54600.0     18.3    18.1    7.8     4.00E-04    
5480  54800.0     18.1    18.1    7.7     4.00E-04    
5500  55000.0     18.0    18.1    7.5     4.00E-04    
5520  55200.0     18.1    18.1    7.4     4.00E-04    
5540  55400.0     18.1    18.1    7.3     4.00E-04    
5560  55600.0     18.1    18.0    7.1     4.00E-04    
5580  55800.0     18.3    18.0    6.9     4.00E-04    
5600  56000.0     18.1    17.9    6.7     4.00E-04    
5620  56200.0     18.1    17.9    6.6     4.00E-04    
5640  56400.0     18.2    17.8    6.4     4.00E-04    
5660  56600.0     18.3    17.7    6.3     4.00E-04    
5680  56800.0     18.2    17.6    6.2     4.00E-04    
5700  57000.0     18.2    17.5    6.0     4.00E-04    
5720  57200.0     18.1    17.4    5.8     4.00E-04    
5740  57400.0     18.0    17.2    5.7     4.00E-04    
5760  57600.0     18.4    17.1    5.5     4.00E-04    
5780  57800.0     19.2    16.9    5.3     4.00E-04    
5800  58000.0     18.1    16.8    5.2     4.00E-04    
5820  58200.0     18.0    16.6    5.0     4.00E-04    
5840  58400.0     18.2    16.4    4.8     4.00E-04    
5860  58600.0     18.1    16.2    4.6     4.00E-04    
5880  58800.0     18.2    16.0    4.5     4.00E-04    
5900  59000.0     18.1    15.8    4.4     4.00E-04    
5920  59200.0     18.2    15.6    4.2     4.00E-04    
5940  59400.0     18.4    15.3    4.0     4.00E-04    
5960  59600.0     18.1    15.1    3.9     4.00E-04    
5980  59800.0     18.0    14.9    3.7     4.00E-04    
6000  60000.0     18.3    14.6    3.6     4.00E-04    
6020  60200.0     18.1    14.4    3.5     4.00E-04    
6040  60400.0     18.2    14.1    3.3     4.00E-04    
6060  60600.0     18.2    13.9    3.2     4.00E-04    
6080  60800.0     18.1    13.6    3.1     4.00E-04    
6100  61000.0     18.1    13.3    3.0     4.00E-04    
6120  61200.0     18.2    13.0    2.8     4.00E-04    
6140  61400.0     18.0    12.8    2.8     4.00E-04    
6160  61600.0     18.1    12.5    2.6     4.00E-04    
6180  61800.0     18.1    12.2    2.6     4.00E-04    
6200  62000.0     18.2    12.0    2.5     4.00E-04    
6220  62200.0     18.2    11.7    2.5     4.00E-04    
6240  62400.0     18.2    11.4    2.4     4.00E-04    
6260  62600.0     18.1    11.1    2.4     4.00E-04    
6280  62800.0     18.3    10.9    2.3     4.00E-04    
6300  63000.0     18.2    10.6    2.3     4.00E-04    
6320  63200.0     18.2    10.3    2.3     4.00E-04    
6340  63400.0     18.1    10.0    2.3     4.00E-04    
6360  63600.0     18.1    9.8     2.3     4.00E-04    
6380  63800.0     18.5    9.5     2.3     4.00E-04    
6400  64000.0     18.2    9.2     2.3     4.00E-04    
6420  64200.0     18.2    9.0     2.3     4.00E-04    
6440  64400.0     18.2    8.7     2.3     4.00E-04    
6460  64600.0     18.1    8.5     2.3     4.00E-04    
6480  64800.0     18.1    8.2     2.3     4.00E-04    
6500  65000.0     18.1    8.0     2.3     4.00E-04    
6520  65200.0     18.1    7.8     2.3     4.00E-04    
6540  65400.0     18.1    7.5     2.4     4.00E-04    
6560  65600.0     18.1    7.3     2.4     4.00E-04    
6580  65800.0     18.3    7.1     2.5     4.00E-04    
6600  66000.0     18.0    6.9     2.5     4.00E-04    
6620  66200.0     18.1    6.7     2.5     4.00E-04    
6640  66400.0     18.1    6.6     2.5     4.00E-04    
6660  66600.0     20.0    6.6     2.5     4.00E-04    
6680  66800.0     18.2    6.6     2.6     4.00E-04    
6700  67000.0     18.1    6.6     2.6     4.00E-04    
6720  67200.0     18.3    6.6     2.6     4.00E-04    
6740  67400.0     18.3    6.7     2.7     4.00E-04    
6760  67600.0     18.2    6.7     2.7     4.00E-04    
6780  67800.0     18.2    6.8     2.8     4.00E-04    
6800  68000.0     18.1    6.8     2.8     4.00E-04    
6820  68200.0     18.1    6.8     2.8     4.00E-04    
6840  68400.0     18.1    6.9     2.9     4.00E-04    
6860  68600.0     18.1    6.9     2.9     4.00E-04    
6880  68800.0     18.2    6.9     3.0     4.00E-04    
6900  69000.0     18.2    6.9     3.0     4.00E-04    
6920  69200.0     17.9    7.0     3.1     4.00E-04    
6940  69400.0     18.2    7.0     3.1     4.00E-04    
6960  69600.0     18.1    7.0     3.1     4.00E-04    
6980  69800.0     18.1    7.1     3.2     4.00E-04    
7000  70000.0     18.3    7.1     3.2     4.00E-04    
7020  70200.0     18.4    7.2     3.3     4.00E-04    
7040  70400.0     18.3    7.2     3.3     4.00E-04    
7060  70600.0     18.2    7.3     3.4     4.00E-04    
7080  70800.0     18.2    7.3     3.5     4.00E-04    
7100  71000.0     18.0    7.4     3.5     4.00E-04    
7120  71200.0     18.2    7.4     3.5     4.00E-04    
7140  71400.0     18.2    7.4     3.6     4.00E-04    
7160  71600.0     18.0    7.5     3.6     4.00E-04    
7180  71800.0     18.2    7.5     3.7     4.00E-04    
7200  72000.0     18.1    7.5     3.7     4.00E-04    
7220  72200.0     18.2    7.6     3.8     4.00E-04    
7240  72400.0     18.1    7.6     3.8     4.00E-04    
7260  72600.0     18.1    7.7     3.9     4.00E-04    
7280  72800.0     18.1    7.7     3.9     4.00E-04    
7300  73000.0     18.2    7.7     4.0     4.00E-04    
7320  73200.0     18.1    7.8     4.0     4.00E-04    
7340  73400.0     18.1    7.8     4.1     4.00E-04    
7360  73600.0     18.1    7.8     4.1     4.00E-04    
7380  73800.0     18.2    7.9     4.2     4.00E-04    
7400  74000.0     18.2    7.9     4.2     4.00E-04    
7420  74200.0     18.2    7.9     4.3     4.00E-04    
7440  74400.0     18.0    8.0     4.3     4.00E-04    
7460  74600.0     18.2    8.0     4.4     4.00E-04    
7480  74800.0     18.1    8.0     4.4     4.00E-04    
7500  75000.0     18.3    8.1     4.5     4.00E-04    
7520  75200.0     18.1    8.1     4.5     4.00E-04    
7540  75400.0     18.1    8.1     4.5     4.00E-04    
7560  75600.0     18.1    8.1     4.6     4.00E-04    
7580  75800.0     18.2    8.2     4.6     4.00E-04    
7600  76000.0     18.2    8.2     4.7     4.00E-04    
7620  76200.0     18.2    8.2     4.7     4.00E-04    
7640  76400.0     18.2    8.2     4.7     4.00E-04    
7660  76600.0     18.2    8.3     4.7     4.00E-04    
7680  76800.0     18.1    8.3     4.8     4.00E-04    
7700  77000.0     18.2    8.3     4.8     4.00E-04    
7720  77200.0     18.3    8.4     4.8     4.00E-04    
7740  77400.0     18.1    8.4     4.8     4.00E-04    
7760  77600.0     18.2    8.5     4.8     4.00E-04    
7780  77800.0     18.1    8.6     4.9     4.00E-04    
7800  78000.0     18.0    8.7     4.9     4.00E-04    
7820  78200.0     18.3    8.8     4.9     4.00E-04    
7840  78400.0     18.9    9.0     4.9     4.00E-04    
7860  78600.0     18.0    9.1     4.9     4.00E-04    
7880  78800.0     18.3    9.2     4.9     4.00E-04    
7900  79000.0     18.2    9.3     5.0     4.00E-04    
7920  79200.0     18.1    9.4     4.9     4.00E-04    
7940  79400.0     18.1    9.5     4.9     4.00E-04    
7960  79600.0     18.3    9.6     5.0     4.00E-04    
7980  79800.0     18.2    9.7     5.0     4.00E-04    
8000  80000.0     18.1    9.8     4.9     4.00E-04    
8020  80200.0     18.1    9.9     4.9     4.00E-04    
8040  80400.0     18.1    10.0    4.9     4.00E-04    
8060  80600.0     18.1    10.1    4.9     4.00E-04    
8080  80800.0     18.0    10.1    4.9     4.00E-04    
8100  81000.0     18.1    10.2    4.9     4.00E-04    
8120  81200.0     18.1    10.3    4.9     4.00E-04    
8140  81400.0     18.2    10.3    4.9     4.00E-04    
8160  81600.0     18.2    10.4    4.9     4.00E-04    
8180  81800.0     18.3    10.5    4.9     4.00E-04    
8200  82000.0     18.0    10.5    4.9     4.00E-04    
8220  82200.0     18.0    10.5    4.9     4.00E-04    
8240  82400.0     18.1    10.6    4.9     4.00E-04    
8260  82600.0     18.2    10.6    4.9     4.00E-04    
8280  82800.0     18.1    10.6    4.9     4.00E-04    
8300  83000.0     18.1    10.7    4.9     4.00E-04    
8320  83200.0     18.4    10.7    4.9     4.00E-04    
8340  83400.0     18.4    10.7    4.9     4.00E-04    
8360  83600.0     18.3    10.7    4.9     4.00E-04    
8380  83800.0     18.4    10.7    4.9     4.00E-04    
8400  84000.0     18.3    10.7    4.8     4.00E-04    
8420  84200.0     18.6    10.7    4.8     4.00E-04    
8440  84400.0     18.6    10.7    4.8     4.00E-04    
8460  84600.0     18.4    10.6    4.8     4.00E-04    
8480  84800.0     18.4    10.6    4.8     4.00E-04    
8500  85000.0     18.4    10.6    4.8     4.00E-04    
8520  85200.0     18.5    10.6    4.8     4.00E-04    
8540  85400.0     18.3    10.5    4.8     4.00E-04    
8560  85600.0     18.4    10.5    4.8     4.00E-04    
8580  85800.0     18.5    10.4    4.7     4.00E-04    
8600  86000.0     18.3    10.4    4.7     4.00E-04    
8620  86200.0     18.3    10.3    4.7     4.00E-04    
8640  86400.0     18.7    10.3    4.7     4.00E-04    
8660  86600.0     18.4    10.2    4.7     4.00E-04    
8680  86800.0     18.6    10.1    4.7     4.00E-04    
8700  87000.0     20.6    10.1    4.7     4.00E-04    
8720  87200.0     18.3    10.0    4.6     4.00E-04    
8740  87400.0     18.1    9.9     4.6     4.00E-04    
8760  87600.0     18.4    9.8     4.6     4.00E-04    
8780  87800.0     18.2    9.7     4.6     4.00E-04    
8800  88000.0     18.5    9.7     4.6     4.00E-04    
8820  88200.0     18.4    9.6     4.6     4.00E-04    
8840  88400.0     18.5    9.5     4.6     4.00E-04    
8860  88600.0     18.6    9.4     4.6     4.00E-04    
8880  88800.0     18.7    9.3     4.6     4.00E-04    
8900  89000.0     18.8    9.2     4.6     4.00E-04    
8920  89200.0     18.5    9.1     4.6     4.00E-04    
8940  89400.0     18.5    9.1     4.6     4.00E-04    
8960  89600.0     18.2    9.1     4.6     4.00E-04    
8980  89800.0     18.4    9.2     4.6     4.00E-04    
9000  90000.0     21.0    9.2     4.6     4.00E-04    
9020  90200.0     18.1    9.2     4.6     4.00E-04    
9040  90400.0     18.3    9.3     4.6     4.00E-04    
9060  90600.0     18.1    9.3     4.6     4.00E-04    
9080  90800.0     18.1    9.4     4.6     4.00E-04    
9100  91000.0     18.1    9.4     4.6     4.00E-04    
9120  91200.0     18.1    9.4     4.6     4.00E-04    
9140  91400.0     18.0    9.5     4.7     4.00E-04    
9160  91600.0     18.1    9.6     4.7     4.00E-04    
9180  91800.0     18.2    9.6     4.7     4.00E-04    
9200  92000.0     18.2    9.7     4.7     4.00E-04    
9220  92200.0     18.1    9.7     4.7     4.00E-04    
9240  92400.0     18.2    9.7     4.8     4.00E-04    
9260  92600.0     18.3    9.8     4.8     4.00E-04    
9280  92800.0     18.1    9.8     4.8     4.00E-04    
9300  93000.0     18.2    9.9     4.8     4.00E-04    
9320  93200.0     18.1    9.9     4.8     4.00E-04    
9340  93400.0     18.2    10.0    4.9     4.00E-04    
9360  93600.0     18.0    10.0    4.9     4.00E-04    
9380  93800.0     18.2    10.0    4.9     4.00E-04    
9400  94000.0     18.1    10.1    4.9     4.00E-04    
9420  94200.0     18.1    10.1    5.0     4.00E-04    
9440  94400.0     18.1    10.2    5.0     4.00E-04    
9460  94600.0     18.2    10.2    5.0     4.00E-04    
9480  94800.0     18.1    10.3    5.0     4.00E-04    
9500  95000.0     18.1    10.3    5.1     4.00E-04    
9520  95200.0     18.1    10.4    5.1     4.00E-04    
9540  95400.0     18.1    10.4    5.1     4.00E-04    
9560  95600.0     18.1    10.4    5.1     4.00E-04    
9580  95800.0     19.0    10.5    5.2     4.00E-04    
9600  96000.0     18.1    10.5    5.2     4.00E-04    
9620  96200.0     18.1    10.6    5.2     4.00E-04    
9640  96400.0     18.1    10.6    5.2     4.00E-04    
9660  96600.0     18.1    10.7    5.3     4.00E-04    
9680  96800.0     18.2    10.7    5.3     4.00E-04    
9700  97000.0     18.2    10.7    5.3     4.00E-04    
9720  97200.0     18.2    10.8    5.3     4.00E-04    
9740  97400.0     18.1    10.8    5.4     4.00E-04    
9760  97600.0     18.1    10.9    5.4     4.00E-04    
9780  97800.0     18.2    10.9    5.4     4.00E-04    
9800  98000.0     18.1    10.9    5.4     4.00E-04    
9820  98200.0     18.1    11.0    5.5     4.00E-04    
9840  98400.0     18.2    11.0    5.5     4.00E-04    
9860  98600.0     20.5    11.0    5.6     4.00E-04    
9880  98800.0     18.0    11.0    5.6     4.00E-04    
9900  99000.0     18.1    11.0    5.6     4.00E-04    
9920  99200.0     18.2    11.1    5.6     4.00E-04    
9940  99400.0     18.1    11.1    5.6     4.00E-04    
9960  99600.0     18.2    11.1    5.7     4.00E-04    
9980  99800.0     18.2    11.1    5.7     4.00E-04    
10000 100000.0    18.1    11.1    5.7     4.00E-04    
10020 100200.0    18.1    11.1    5.7     4.00E-04    
10040 100400.0    18.1    11.1    5.7     4.00E-04    
10060 100600.0    18.3    11.2    5.7     4.00E-04    
10080 100800.0    18.1    11.2    5.8     4.00E-04    
10100 101000.0    18.2    11.2    5.8     4.00E-04    
10120 101200.0    18.2    11.2    5.8     4.00E-04    
10140 101400.0    18.1    11.2    5.8     4.00E-04    
10160 101600.0    18.6    11.2    5.9     4.00E-04    
10180 101800.0    18.0    11.2    5.9     4.00E-04    
10200 102000.0    18.1    11.2    5.9     4.00E-04    
10220 102200.0    18.1    11.2    5.9     4.00E-04    
10240 102400.0    18.1    11.2    5.9     4.00E-04    
10260 102600.0    18.2    11.2    5.9     4.00E-04    
10280 102800.0    18.1    11.2    5.9     4.00E-04    
10300 103000.0    18.2    11.1    6.0     4.00E-04    
10320 103200.0    18.2    11.1    5.9     4.00E-04    
10340 103400.0    18.1    11.1    6.0     4.00E-04    
10360 103600.0    18.2    11.1    6.0     4.00E-04    
10380 103800.0    18.2    11.1    6.0     4.00E-04    
10400 104000.0    18.1    11.1    6.0     4.00E-04    
10420 104200.0    18.1    11.0    6.0     4.00E-04    
10440 104400.0    18.1    11.0    6.0     4.00E-04    
10460 104600.0    18.1    11.0    6.0     4.00E-04    
10480 104800.0    18.1    11.0    6.0     4.00E-04    
10500 105000.0    18.2    11.0    6.0     4.00E-04    
10520 105200.0    18.2    10.9    6.0     4.00E-04    
10540 105400.0    18.1    10.9    6.0     4.00E-04    
10560 105600.0    18.1    10.9    6.0     4.00E-04    
10580 105800.0    18.1    10.8    6.0     4.00E-04    
10600 106000.0    18.2    10.8    6.0     4.00E-04    
10620 106200.0    18.2    10.8    6.0     4.00E-04    
10640 106400.0    18.1    10.8    6.0     4.00E-04    
10660 106600.0    18.2    10.7    6.0     4.00E-04    
10680 106800.0    18.1    10.7    6.0     4.00E-04    
10700 107000.0    18.1    10.7    6.0     4.00E-04    
10720 107200.0    18.1    10.7    6.0     4.00E-04    
10740 107400.0    18.0    10.7    6.0     4.00E-04    
10760 107600.0    18.1    10.6    5.9     4.00E-04    
10780 107800.0    18.0    10.6    5.9     4.00E-04    
10800 108000.0    18.1    10.6    5.9     4.00E-04    
10820 108200.0    18.1    10.5    5.9     4.00E-04    
10840 108400.0    18.0    10.5    5.9     4.00E-04    
10860 108600.0    18.2    10.5    5.9     4.00E-04    
10880 108800.0    18.2    10.5    5.9     4.00E-04    
10900 109000.0    18.0    10.4    5.9     4.00E-04    
10920 109200.0    18.1    10.4    5.8     4.00E-04    
10940 109400.0    18.3    10.4    5.8     4.00E-04    
10960 109600.0    18.1    10.3    5.8     4.00E-04    
10980 109800.0    18.3    10.3    5.8     4.00E-04    
11000 110000.0    18.1    10.3    5.7     4.00E-04    
11020 110200.0    18.1    10.2    5.7     4.00E-04    
11040 110400.0    18.1    10.2    5.7     4.00E-04    
11060 110600.0    18.1    10.2    5.7     4.00E-04    
11080 110800.0    18.1    10.1    5.6     4.00E-04    
11100 111000.0    18.2    10.1    5.6     4.00E-04    
11120 111200.0    18.1    10.1    5.6     4.00E-04    
11140 111400.0    18.2    10.0    5.6     4.00E-04    
11160 111600.0    18.0    10.0    5.6     4.00E-04    
11180 111800.0    18.0    9.9     5.5     4.00E-04    
11200 112000.0    18.1    9.9     5.5     4.00E-04    
11220 112200.0    18.2    9.9     5.5     4.00E-04    
11240 112400.0    18.1    9.8     5.5     4.00E-04    
11260 112600.0    18.1    9.8     5.4     4.00E-04    
11280 112800.0    18.1    9.8     5.4     4.00E-04    
11300 113000.0    18.1    9.7     5.4     4.00E-04    
11320 113200.0    18.2    9.7     5.3     4.00E-04    
11340 113400.0    19.8    9.7     5.3     4.00E-04    
11360 113600.0    18.2    9.6     5.3     4.00E-04    
11380 113800.0    18.3    9.6     5.2     4.00E-04    
11400 114000.0    18.1    9.5     5.1     4.00E-04    
11420 114200.0    18.2    9.5     5.1     4.00E-04    
11440 114400.0    18.1    9.5     5.1     4.00E-04    
11460 114600.0    18.3    9.4     5.1     4.00E-04    
11480 114800.0    18.1    9.4     5.0     4.00E-04    
11500 115000.0    18.2    9.4     5.0     4.00E-04    
11520 115200.0    18.1    9.3     5.0     4.00E-04    
11540 115400.0    18.2    9.3     4.9     4.00E-04    
11560 115600.0    18.2    9.3     4.9     4.00E-04    
11580 115800.0    18.0    9.2     4.9     4.00E-04    
11600 116000.0    18.3    9.2     4.8     4.00E-04    
11620 116200.0    18.1    9.2     4.8     4.00E-04    
11640 116400.0    18.2    9.1     4.7     4.00E-04    
11660 116600.0    18.0    9.1     4.7     4.00E-04    
11680 116800.0    18.0    9.1     4.7     4.00E-04    
11700 117000.0    18.2    9.0     4.6     4.00E-04    
11720 117200.0    18.2    9.0     4.6     4.00E-04    
11740 117400.0    18.4    9.0     4.6     4.00E-04    
11760 117600.0    18.3    8.9     4.5     4.00E-04    
11780 117800.0    18.1    8.9     4.5     4.00E-04    
11800 118000.0    18.1    8.9     4.5     4.00E-04    
11820 118200.0    18.1    8.8     4.5     4.00E-04    
11840 118400.0    18.2    8.8     4.4     4.00E-04    
11860 118600.0    18.1    8.8     4.4     4.00E-04    
11880 118800.0    18.2    8.7     4.4     4.00E-04    
11900 119000.0    18.3    8.7     4.3     4.00E-04    
11920 119200.0    21.4    8.7     4.4     4.00E-04    
11940 119400.0    18.1    8.7     4.3     4.00E-04    
11960 119600.0    18.2    8.6     4.3     4.00E-04    
11980 119800.0    18.5    8.6     4.3     4.00E-04    
12000 120000.0    18.2    8.6     4.2     4.00E-04    
12020 120200.0    18.6    8.5     4.2     4.00E-04    
12040 120400.0    18.4    8.5     4.2     4.00E-04    
12060 120600.0    18.4    8.5     4.2     4.00E-04    
12080 120800.0    18.2    8.5     4.2     4.00E-04    
12100 121000.0    18.4    8.5     4.2     4.00E-04    
12120 121200.0    18.2    8.4     4.2     4.00E-04    
12140 121400.0    18.3    8.4     4.1     4.00E-04    
12160 121600.0    18.2    8.4     4.1     4.00E-04    
12180 121800.0    18.4    8.4     4.1     4.00E-04    
12200 122000.0    19.7    8.4     4.1     4.00E-04    
12220 122200.0    18.3    8.4     4.1     4.00E-04    
12240 122400.0    18.3    8.3     4.1     4.00E-04    
12260 122600.0    18.4    8.3     4.0     4.00E-04    
12280 122800.0    18.2    8.3     4.0     4.00E-04    
12300 123000.0    18.3    8.3     4.0     4.00E-04    
12320 123200.0    18.4    8.3     4.0     4.00E-04    
12340 123400.0    18.2    8.3     4.1     4.00E-04    
12360 123600.0    18.4    8.3     4.0     4.00E-04    
12380 123800.0    18.3    8.3     4.0     4.00E-04    
12400 124000.0    18.3    8.3     4.0     4.00E-04    
12420 124200.0    18.3    8.3     4.1     4.00E-04    
12440 124400.0    18.2    8.2     4.1     4.00E-04    
12460 124600.0    18.3    8.2     4.1     4.00E-04    
12480 124800.0    18.4    8.2     4.0     4.00E-04    
12500 125000.0    20.3    8.2     4.0     4.00E-04    
12520 125200.0    18.4    8.2     4.0     4.00E-04    
12540 125400.0    18.4    8.2     4.0     4.00E-04    
12560 125600.0    18.2    8.2     4.0     4.00E-04    
12580 125800.0    18.3    8.2     4.0     4.00E-04    
12600 126000.0    18.3    8.2     4.0     4.00E-04    
12620 126200.0    18.3    8.2     4.0     4.00E-04    
12640 126400.0    18.4    8.2     4.0     4.00E-04    
12660 126600.0    18.3    8.2     4.0     4.00E-04    
12680 126800.0    18.2    8.2     4.0     4.00E-04    
12700 127000.0    18.4    8.2     4.0     4.00E-04    
12720 127200.0    18.4    8.2     4.0     4.00E-04    
12740 127400.0    18.6    8.2     4.0     4.00E-04    
12760 127600.0    18.2    8.1     4.0     4.00E-04    
12780 127800.0    18.2    8.1     4.0     4.00E-04    
12800 128000.0    18.5    8.1     4.0     4.00E-04    
12820 128200.0    18.4    8.1     4.0     4.00E-04    
12840 128400.0    18.3    8.1     4.0     4.00E-04    
12860 128600.0    18.4    8.1     4.0     4.00E-04    
12880 128800.0    18.4    8.1     4.0     4.00E-04    
12900 129000.0    18.3    8.1     4.0     4.00E-04    
12920 129200.0    18.2    8.1     4.0     4.00E-04    
12940 129400.0    18.6    8.1     4.0     4.00E-04    
12960 129600.0    18.4    8.1     4.0     4.00E-04    
12980 129800.0    18.3    8.1     4.0     4.00E-04    
13000 130000.0    18.7    8.1     4.0     4.00E-04    
13020 130200.0    18.5    8.1     4.0     4.00E-04    
13040 130400.0    18.4    8.1     4.0     4.00E-04    
13060 130600.0    18.3    8.1     4.1     4.00E-04    
13080 130800.0    20.6    8.1     4.1     4.00E-04    
13100 131000.0    18.2    8.1     4.1     4.00E-04    
13120 131200.0    18.4    8.1     4.1     4.00E-04    
13140 131400.0    18.3    8.1     4.1     4.00E-04    
13160 131600.0    18.2    8.1     4.0     4.00E-04    
13180 131800.0    18.4    8.0     4.0     4.00E-04    
13200 132000.0    18.4    8.0     4.0     4.00E-04    
13220 132200.0    18.2    8.0     4.0     4.00E-04    
13240 132400.0    19.0    8.0     4.0     4.00E-04    
13260 132600.0    18.3    8.0     4.0     4.00E-04    
13280 132800.0    18.3    8.0     4.0     4.00E-04    
13300 133000.0    18.2    8.0     4.0     4.00E-04    
13320 133200.0    18.2    8.0     4.0     4.00E-04    
13340 133400.0    18.3    8.0     4.0     4.00E-04    
13360 133600.0    18.3    8.0     4.0     4.00E-04    
13380 133800.0    18.3    8.0     4.0     4.00E-04    
13400 134000.0    19.1    8.0     4.0     4.00E-04    
13420 134200.0    18.4    8.0     4.0     4.00E-04    
13440 134400.0    18.3    8.0     4.0     4.00E-04    
13460 134600.0    18.3    8.0     4.0     4.00E-04    
13480 134800.0    18.1    8.0     4.0     4.00E-04    
13500 135000.0    18.4    8.0     4.0     4.00E-04    
13520 135200.0    18.3    8.0     4.0     4.00E-04    
13540 135400.0    18.3    8.0     4.0     4.00E-04    
13560 135600.0    18.4    8.0     4.0     4.00E-04    
13580 135800.0    18.2    8.0     4.0     4.00E-04    
13600 136000.0    18.3    8.0     4.0     4.00E-04    
13620 136200.0    18.6    8.0     4.0     4.00E-04    
13640 136400.0    21.0    8.0     4.0     4.00E-04    
13660 136600.0    18.4    8.0     3.9     4.00E-04    
13680 136800.0    18.2    8.0     3.9     4.00E-04    
13700 137000.0    18.3    8.0     3.9     4.00E-04    
13720 137200.0    18.2    8.0     3.9     4.00E-04    
13740 137400.0    18.4    8.0     3.9     4.00E-04    
13760 137600.0    18.3    7.9     3.9     4.00E-04    
13780 137800.0    18.3    7.9     3.9     4.00E-04    
13800 138000.0    18.2    7.9     3.9     4.00E-04    
13820 138200.0    18.5    7.9     3.9     4.00E-04    
13840 138400.0    18.4    7.9     3.9     4.00E-04    
13860 138600.0    18.4    7.9     3.9     4.00E-04    
13880 138800.0    18.3    7.9     4.0     4.00E-04    
13900 139000.0    18.3    7.8     3.9     4.00E-04    
13920 139200.0    18.4    7.8     3.9     4.00E-04    
13940 139400.0    18.4    7.8     3.9     4.00E-04    
13960 139600.0    18.4    7.8     3.9     4.00E-04    
13980 139800.0    18.3    7.8     3.9     4.00E-04    
14000 140000.0    18.4    7.8     3.9     4.00E-04    
14020 140200.0    18.2    7.7     3.9     4.00E-04    
14040 140400.0    18.5    7.7     3.9     4.00E-04    
14060 140600.0    18.2    7.7     3.9     4.00E-04    
14080 140800.0    18.3    7.7     3.9     4.00E-04    
14100 141000.0    18.5    7.7     3.9     4.00E-04    
14120 141200.0    18.4    7.6     3.8     4.00E-04    
14140 141400.0    18.1    7.6     3.8     4.00E-04    
14160 141600.0    18.1    7.6     3.8     4.00E-04    
14180 141800.0    18.2    7.6     3.8     4.00E-04    
14200 142000.0    17.9    7.6     3.8     4.00E-04    
14220 142200.0    18.9    7.6     3.8     4.00E-04    
14240 142400.0    18.2    7.5     3.8     4.00E-04    
14260 142600.0    18.4    7.5     3.7     4.00E-04    
14280 142800.0    18.1    7.5     3.7     4.00E-04    
14300 143000.0    18.3    7.5     3.7     4.00E-04    
14320 143200.0    18.2    7.5     3.7     4.00E-04    
14340 143400.0    18.1    7.4     3.7     4.00E-04    
14360 143600.0    18.1    7.4     3.6     4.00E-04    
14380 143800.0    18.2    7.4     3.6     4.00E-04    
14400 144000.0    18.0    7.4     3.6     4.00E-04    
14420 144200.0    18.1    7.4     3.5     4.00E-04    
14440 144400.0    18.1    7.3     3.5     4.00E-04    
14460 144600.0    18.1    7.3     3.5     4.00E-04    
14480 144800.0    18.1    7.3     3.5     4.00E-04    
14500 145000.0    18.2    7.3     3.5     4.00E-04    
14520 145200.0    18.1    7.2     3.5     4.00E-04    
14540 145400.0    18.1    7.2     3.4     4.00E-04    
14560 145600.0    18.2    7.2     3.4     4.00E-04    
14580 145800.0    18.0    7.2     3.4     4.00E-04    
14600 146000.0    18.1    7.1     3.4     4.00E-04    
14620 146200.0    18.1    7.1     3.4     4.00E-04    
14640 146400.0    18.2    7.1     3.4     4.00E-04    
14660 146600.0    18.3    7.0     3.4     4.00E-04    
14680 146800.0    18.1    7.0     3.4     4.00E-04    
14700 147000.0    18.1    7.0     3.4     4.00E-04    
14720 147200.0    18.1    6.9     3.3     4.00E-04    
14740 147400.0    18.1    6.9     3.4     4.00E-04    
14760 147600.0    18.1    6.9     3.3     4.00E-04    
14780 147800.0    18.2    6.9     3.3     4.00E-04    
14800 148000.0    18.1    6.8     3.3     4.00E-04    
14820 148200.0    17.9    6.8     3.4     4.00E-04    
14840 148400.0    18.1    6.8     3.3     4.00E-04    
14860 148600.0    18.1    6.7     3.3     4.00E-04    
14880 148800.0    18.1    6.7     3.2     4.00E-04    
14900 149000.0    18.1    6.7     3.2     4.00E-04    
14920 149200.0    18.1    6.6     3.1     4.00E-04    
14940 149400.0    18.1    6.6     3.1     4.00E-04    
14960 149600.0    18.3    6.6     3.1     4.00E-04    
14980 149800.0    18.4    6.6     3.0     4.00E-04    
15000 150000.0    18.1    6.5     3.0     4.00E-04    
15020 150200.0    18.2    6.5     3.0     4.00E-04    
15040 150400.0    18.2    6.5     3.0     4.00E-04    
15060 150600.0    18.3    6.5     3.0     4.00E-04    
15080 150800.0    18.1    6.4     3.0     4.00E-04    
15100 151000.0    18.3    6.4     2.9     4.00E-04    
15120 151200.0    18.3    6.4     2.9     4.00E-04    
15140 151400.0    18.1    6.4     2.9     4.00E-04    
15160 151600.0    18.1    6.4     2.9     4.00E-04    
15180 151800.0    18.0    6.3     2.9     4.00E-04    
15200 152000.0    18.2    6.3     2.9     4.00E-04    
15220 152200.0    18.1    6.3     2.9     4.00E-04    
15240 152400.0    18.1    6.3     2.9     4.00E-04    
15260 152600.0    18.0    6.3     2.9     4.00E-04    
15280 152800.0    18.0    6.2     2.9     4.00E-04    
15300 153000.0    18.0    6.2     2.9     4.00E-04    
15320 153200.0    18.2    6.2     2.8     4.00E-04    
15340 153400.0    18.2    6.2     2.9     4.00E-04    
15360 153600.0    18.1    6.2     2.8     4.00E-04    
15380 153800.0    18.1    6.2     2.8     4.00E-04    
15400 154000.0    19.4    6.1     2.8     4.00E-04    
15420 154200.0    18.2    6.1     2.8     4.00E-04    
15440 154400.0    18.2    6.1     2.8     4.00E-04    
15460 154600.0    18.0    6.1     2.8     4.00E-04    
15480 154800.0    18.1    6.1     2.8     4.00E-04    
15500 155000.0    18.2    6.1     2.8     4.00E-04    
15520 155200.0    18.1    6.0     2.8     4.00E-04    
15540 155400.0    18.0    6.0     2.8     4.00E-04    
15560 155600.0    18.1    6.0     2.8     4.00E-04    
15580 155800.0    18.2    6.0     2.8     4.00E-04    
15600 156000.0    18.2    6.0     2.8     4.00E-04    
15620 156200.0    18.3    6.0     2.7     4.00E-04    
15640 156400.0    18.2    6.0     2.8     4.00E-04    
15660 156600.0    18.2    5.9     2.7     4.00E-04    
15680 156800.0    18.3    5.9     2.7     4.00E-04    
15700 157000.0    18.3    5.9     2.7     4.00E-04    
15720 157200.0    18.1    5.9     2.7     4.00E-04    
15740 157400.0    18.1    5.9     2.7     4.00E-04    
15760 157600.0    18.1    5.9     2.7     4.00E-04    
15780 157800.0    18.2    5.9     2.7     4.00E-04    
15800 158000.0    18.1    5.9     2.7     4.00E-04    
15820 158200.0    18.2    5.9     2.7     4.00E-04    
15840 158400.0    18.1    5.9     2.7     4.00E-04    
15860 158600.0    18.0    5.8     2.7     4.00E-04    
15880 158800.0    18.0    5.8     2.7     4.00E-04    
15900 159000.0    18.1    5.8     2.7     4.00E-04    
15920 159200.0    18.2    5.8     2.7     4.00E-04    
15940 159400.0    18.3    5.8     2.7     4.00E-04    
15960 159600.0    18.0    5.8     2.7     4.00E-04    
15980 159800.0    21.3    5.8     2.6     4.00E-04    
16000 160000.0    18.2    5.7     2.6     4.00E-04    
16020 160200.0    18.2    5.7     2.6     4.00E-04    
16040 160400.0    18.2    5.7     2.6     4.00E-04    
16060 160600.0    18.3    5.7     2.6     4.00E-04    
16080 160800.0    18.2    5.7     2.6     4.00E-04    
16100 161000.0    18.0    5.7     2.6     4.00E-04    
16120 161200.0    18.1    5.7     2.5     4.00E-04    
16140 161400.0    18.1    5.7     2.6     4.00E-04    
16160 161600.0    18.4    5.7     2.5     4.00E-04    
16180 161800.0    18.0    5.7     2.5     4.00E-04    
16200 162000.0    18.0    5.7     2.5     4.00E-04    
16220 162200.0    18.1    5.6     2.5     4.00E-04    
16240 162400.0    18.2    5.6     2.5     4.00E-04    
16260 162600.0    18.1    5.6     2.6     4.00E-04    
16280 162800.0    18.2    5.6     2.6     4.00E-04    
16300 163000.0    18.0    5.6     2.5     4.00E-04    
16320 163200.0    18.0    5.5     2.5     4.00E-04    
16340 163400.0    18.2    5.5     2.6     4.00E-04    
16360 163600.0    18.2    5.5     2.6     4.00E-04    
16380 163800.0    18.1    5.5     2.6     4.00E-04    
16400 164000.0    18.1    5.5     2.6     4.00E-04    
16420 164200.0    18.2    5.5     2.6     4.00E-04    
16440 164400.0    18.2    5.4     2.6     4.00E-04    
16460 164600.0    18.1    5.4     2.6     4.00E-04    
16480 164800.0    18.0    5.4     2.6     4.00E-04    
16500 165000.0    18.2    5.4     2.6     4.00E-04    
16520 165200.0    18.2    5.4     2.5     4.00E-04    
16540 165400.0    18.1    5.4     2.5     4.00E-04    
16560 165600.0    18.0    5.4     2.5     4.00E-04    
16580 165800.0    18.3    5.4     2.5     4.00E-04    
16600 166000.0    18.1    5.3     2.5     4.00E-04    
16620 166200.0    18.1    5.3     2.5     4.00E-04    
16640 166400.0    18.1    5.3     2.5     4.00E-04    
16660 166600.0    18.0    5.3     2.5     4.00E-04    
16680 166800.0    18.3    5.3     2.5     4.00E-04    
16700 167000.0    18.1    5.3     2.5     4.00E-04    
16720 167200.0    18.2    5.3     2.5     4.00E-04    
16740 167400.0    18.2    5.3     2.5     4.00E-04    
16760 167600.0    18.2    5.3     2.5     4.00E-04    
16780 167800.0    18.1    5.3     2.5     4.00E-04    
16800 168000.0    18.1    5.3     2.5     4.00E-04    
16820 168200.0    18.2    5.3     2.5     4.00E-04    
16840 168400.0    18.1    5.3     2.5     4.00E-04    
16860 168600.0    18.0    5.3     2.5     4.00E-04    
16880 168800.0    18.1    5.2     2.5     4.00E-04    
16900 169000.0    18.3    5.2     2.5     4.00E-04    
16920 169200.0    18.0    5.2     2.5     4.00E-04    
16940 169400.0    18.1    5.3     2.5     4.00E-04    
16960 169600.0    18.2    5.3     2.5     4.00E-04    
16980 169800.0    18.1    5.3     2.5     4.00E-04    
17000 170000.0    18.2    5.3     2.4     4.00E-04    
17020 170200.0    18.1    5.3     2.4     4.00E-04    
17040 170400.0    18.2    5.3     2.4     4.00E-04    
17060 170600.0    18.1    5.3     2.4     4.00E-04    
17080 170800.0    18.1    5.3     2.4     4.00E-04    
17100 171000.0    18.1    5.3     2.4     4.00E-04    
17120 171200.0    18.4    5.3     2.4     4.00E-04    
17140 171400.0    18.2    5.3     2.4     4.00E-04    
17160 171600.0    18.2    5.3     2.4     4.00E-04    
17180 171800.0    18.1    5.3     2.4     4.00E-04    
17200 172000.0    18.4    5.3     2.4     4.00E-04    
17220 172200.0    18.1    5.3     2.4     4.00E-04    
17240 172400.0    18.2    5.3     2.4     4.00E-04    
17260 172600.0    18.1    5.3     2.4     4.00E-04    
17280 172800.0    18.0    5.3     2.4     4.00E-04    
17300 173000.0    18.2    5.2     2.4     4.00E-04    
17320 173200.0    18.2    5.2     2.3     4.00E-04    
17340 173400.0    18.1    5.2     2.3     4.00E-04    
17360 173600.0    18.0    5.2     2.3     4.00E-04    
17380 173800.0    18.1    5.2     2.3     4.00E-04    
17400 174000.0    18.1    5.2     2.3     4.00E-04    
17420 174200.0    18.2    5.1     2.3     4.00E-04    
17440 174400.0    18.1    5.1     2.3     4.00E-04    
17460 174600.0    18.2    5.1     2.3     4.00E-04    
17480 174800.0    18.3    5.1     2.3     4.00E-04    
17500 175000.0    18.3    5.0     2.3     4.00E-04    
17520 175200.0    18.2    5.0     2.3     4.00E-04    
17540 175400.0    18.2    5.0     2.3     4.00E-04    
17560 175600.0    18.3    4.9     2.3     4.00E-04    
17580 175800.0    18.1    4.9     2.2     4.00E-04    
17600 176000.0    18.1    4.9     2.2     4.00E-04    
17620 176200.0    18.1    4.9     2.2     4.00E-04    
17640 176400.0    18.0    4.9     2.2     4.00E-04    
17660 176600.0    18.3    4.9     2.2     4.00E-04    
17680 176800.0    18.2    4.9     2.2     4.00E-04    
17700 177000.0    18.1    4.9     2.2     4.00E-04    
17720 177200.0    18.2    4.8     2.2     4.00E-04    
17740 177400.0    19.2    4.8     2.2     4.00E-04    
17760 177600.0    18.2    4.8     2.2     4.00E-04    
17780 177800.0    18.1    4.8     2.2     4.00E-04    
17800 178000.0    18.1    4.8     2.2     4.00E-04    
17820 178200.0    18.2    4.8     2.2     4.00E-04    
17840 178400.0    18.1    4.8     2.2     4.00E-04    
17860 178600.0    18.3    4.8     2.2     4.00E-04    
17880 178800.0    18.2    4.8     2.1     4.00E-04    
17900 179000.0    18.1    4.8     2.1     4.00E-04    
17920 179200.0    18.1    4.8     2.1     4.00E-04    
17940 179400.0    18.2    4.8     2.1     4.00E-04    
17960 179600.0    18.1    4.8     2.1     4.00E-04    
17980 179800.0    18.0    4.8     2.1     4.00E-04    
18000 180000.0    18.0    4.8     2.1     4.00E-04    
Total time elapsed: 4 h 33 m 37 s
********** Simulation completed **********
